date	nTweets	googleSearch	wikiViews	totalTweets	nUsersFiltered	nUsersFilteredNet	nDownloads	nFBShares
2009-01-09	3	0	0	1479198	6	6	0	0
2009-01-10	1	0	1	1427658	9	9	0	0
2009-01-11	3	0	0	1865748	11	11	0	0
2009-01-12	4	0	0	2180142	17	12	0	0
2009-01-13	4	0	0	1979136	27	20	0	0
2009-01-14	1	0	0	2051292	49	31	0	0
2009-01-15	2	0	0	2020368	66	36	0	0
2009-01-16	5	0	0	1510122	83	39	0	0
2009-01-17	1	0	0	1489506	101	41	0	0
2009-01-18	0	0	0	2015214	117	47	0	0
2009-01-19	2	0	0	2231682	139	57	0	0
2009-01-20	2	0	0	2334762	161	63	0	0
2009-01-21	2	0	0	2308992	184	71	0	0
2009-01-22	7	0	0	2190450	194	73	0	0
2009-01-23	3	0	0	1654434	212	79	0	0
2009-01-24	1	0	0	1736898	233	84	0	0
2009-01-25	3	0	0	2381148	247	89	0	0
2009-01-26	2	0	0	2283222	263	93	0	0
2009-01-27	2	0	0	2432688	271	95	0	0
2009-01-28	4	0	0	2473920	294	104	0	0
2009-01-29	4	0	4	2406918	317	109	0	0
2009-01-30	5	0	0	1845132	340	110	0	0
2009-01-31	0	0	0	1772976	376	118	0	0
2009-02-01	0	0	0	2515152	407	128	0	0
2009-02-02	6	0	0	2613078	444	135	0	0
2009-02-03	6	0	0	2473920	491	139	0	0
2009-02-04	3	0	0	2741928	517	142	0	0
2009-02-05	5	0	0	2664618	551	145	0	0
2009-02-06	5	0	0	1855440	570	146	0	0
2009-02-07	4	0	0	1798746	601	148	0	0
2009-02-08	3	0	0	2499690	647	154	0	0
2009-02-09	1	0	0	2695542	680	160	0	0
2009-02-10	7	0	0	2808930	698	165	0	0
2009-02-11	7	0	0	2700696	725	168	0	0
2009-02-12	8	0	0	2747082	747	169	0	0
2009-02-13	3	0	0	2123448	775	171	0	0
2009-02-14	0	0	0	2020368	804	175	0	0
2009-02-15	1	0	0	2984166	838	181	0	0
2009-02-16	5	0	0	3004782	863	186	0	0
2009-02-17	9	0	0	3143940	889	191	0	0
2009-02-18	7	0	0	3154248	912	191	0	0
2009-02-19	3	0	0	3102708	948	195	0	0
2009-02-20	7	0	0	2303838	977	196	0	0
2009-02-21	2	0	0	2288376	999	200	0	0
2009-02-22	1	0	0	3004782	1028	202	0	0
2009-02-23	5	0	0	3308868	1050	206	0	0
2009-02-24	3	0	0	3329484	1066	206	0	0
2009-02-25	5	0	0	3427410	1082	208	0	0
2009-02-26	4	0	0	3396486	1096	208	0	0
2009-02-27	5	0	0	2607924	1121	209	0	0
2009-02-28	4	0	0	2437842	1129	211	0	0
2009-03-01	2	0	0	3375870	1145	214	0	0
2009-03-02	6	0	0	3499566	1160	215	0	0
2009-03-03	7	0	0	3669648	1177	217	0	0
2009-03-04	4	0	0	3850038	1197	219	0	0
2009-03-05	2	0	0	3932502	1219	220	0	0
2009-03-06	5	0	0	3015090	1250	220	0	0
2009-03-07	7	0	0	2948088	1275	225	0	0
2009-03-08	3	0	16	3819114	1294	229	0	0
2009-03-09	5	0	8	4159278	1315	229	0	0
2009-03-10	12	0	9	4128354	1336	232	0	0
2009-03-11	11	0	11	4020120	1361	235	0	0
2009-03-12	3	0	6	4123200	1391	237	0	0
2009-03-13	4	0	20	3071784	1405	237	0	0
2009-03-14	3	0	8	3020244	1429	239	0	0
2009-03-15	3	0	14	3061476	1457	241	0	0
2009-03-16	3	0	14	3422256	1484	245	0	0
2009-03-17	17	0	9	3813960	1508	247	0	0
2009-03-18	15	0	7	3994350	1525	250	0	0
2009-03-19	7	0	23	4118046	1552	254	0	0
2009-03-20	8	0	13	3154248	1578	255	0	0
2009-03-21	6	0	9	3138786	1604	259	0	0
2009-03-22	2	0	14	3875808	1637	263	0	0
2009-03-23	6	0	18	4164432	1667	265	0	0
2009-03-24	9	0	15	4458210	1684	266	0	0
2009-03-25	14	0	10	4571598	1713	268	0	0
2009-03-26	8	0	10	4535520	1738	269	0	0
2009-03-27	10	0	23	3628416	1759	271	0	0
2009-03-28	5	0	11	3607800	1787	275	0	0
2009-03-29	9	0	8	4391208	1813	277	0	0
2009-03-30	11	0	7	4540674	1845	280	0	0
2009-03-31	8	0	11	4793220	1862	280	0	0
2009-04-01	12	0	10	4659216	1885	281	0	0
2009-04-02	11	0	6	4592214	1911	281	0	0
2009-04-03	3	0	19	3865500	1943	282	0	0
2009-04-04	4	0	9	3819114	1970	287	0	0
2009-04-05	2	0	7	4561290	2008	290	0	0
2009-04-06	11	0	12	5313774	2029	293	0	0
2009-04-07	13	0	10	5623014	2038	295	0	0
2009-04-08	12	0	17	5519934	2056	296	0	0
2009-04-09	11	0	11	6019872	2074	297	0	0
2009-04-10	2	0	10	4916916	2096	299	0	0
2009-04-11	4	0	14	4468518	2129	303	0	0
2009-04-12	2	0	8	5839482	2152	304	0	0
2009-04-13	6	0	8	6401268	2179	304	0	0
2009-04-14	11	0	16	6313650	2213	305	0	0
2009-04-15	4	0	9	6354882	2236	310	0	0
2009-04-16	10	0	8	6530118	2264	316	0	0
2009-04-17	9	0	11	5241618	2279	318	0	0
2009-04-18	5	0	20	5035458	2309	320	0	0
2009-04-19	6	0	7	6344574	2331	322	0	0
2009-04-20	7	0	13	6622890	2356	325	0	0
2009-04-21	25	0	7	6767202	2381	326	0	0
2009-04-22	8	0	6	6751740	2402	327	0	0
2009-04-23	25	0	8	6664122	2417	328	0	0
2009-04-24	23	0	12	5463240	2441	329	0	0
2009-04-25	24	0	7	5365314	2470	330	0	0
2009-04-26	9	0	14	6390960	2493	331	0	0
2009-04-27	13	0	13	6916668	2510	331	0	0
2009-04-28	13	0	4	6885744	2537	332	0	0
2009-04-29	13	0	10	6875436	2561	336	0	0
2009-04-30	13	0	12	6205416	2583	338	0	0
2009-05-01	13	0	13	5545704	2615	340	0	0
2009-05-02	9	0	7	5179770	2656	345	0	0
2009-05-03	4	0	9	6427038	2689	345	0	0
2009-05-04	49	0	9	7004286	2721	348	0	0
2009-05-05	111	0	6	6932130	2756	351	0	0
2009-05-06	92	0	9	7169214	2794	352	0	0
2009-05-07	17	0	6	7164060	2826	353	0	0
2009-05-08	18	0	14	6153876	2847	359	0	0
2009-05-09	12	0	17	5782788	2873	364	0	0
2009-05-10	10	0	14	7164060	2897	367	0	0
2009-05-11	19	0	14	7694922	2916	367	0	0
2009-05-12	14	0	10	7813464	2935	369	0	0
2009-05-13	9	0	14	7504224	2961	372	0	0
2009-05-14	14	0	6	7586688	3007	376	0	0
2009-05-15	25	0	7	6061104	3041	376	0	0
2009-05-16	15	0	4	5798250	3066	376	0	0
2009-05-17	17	0	12	6705354	3094	378	0	0
2009-05-18	15	0	6	7694922	3115	379	0	0
2009-05-19	16	0	6	7421760	3130	379	0	0
2009-05-20	18	0	11	7901082	3159	379	0	0
2009-05-21	17	0	8	8076318	3174	379	0	0
2009-05-22	26	0	3	6437346	3184	379	0	0
2009-05-23	7	0	4	5695170	3188	379	0	0
2009-05-24	9	0	5	7865004	3212	379	0	0
2009-05-25	13	0	11	8246400	3231	380	0	0
2009-05-26	27	0	10	8328864	3269	383	0	0
2009-05-27	15	0	8	8565948	3306	384	0	0
2009-05-28	12	0	5	8457714	3322	384	0	0
2009-05-29	22	0	8	6308496	3343	385	0	0
2009-05-30	8	0	6	6648660	3363	388	0	0
2009-05-31	16	0	10	8462868	3387	389	0	0
2009-06-01	24	0	20	8596872	3401	389	0	0
2009-06-02	31	0	13	8864880	3416	391	0	0
2009-06-03	46	0	6	8828802	3425	391	0	0
2009-06-04	29	0	7	9385434	3431	391	0	0
2009-06-05	21	0	9	7421760	3435	391	0	0
2009-06-06	7	0	6	7143444	3436	391	0	0
2009-06-07	5	0	8	9060732	3440	391	0	0
2009-06-08	32	0	5	8833956	3464	392	0	0
2009-06-09	17	0	11	10106994	3490	392	0	0
2009-06-10	17	0	14	10302846	3512	392	0	0
2009-06-11	21	0	11	10282230	3534	392	0	0
2009-06-12	25	0	5	8401020	3557	392	0	0
2009-06-13	14	0	3	8045394	3581	392	0	0
2009-06-14	11	0	5	9735906	3615	394	0	0
2009-06-15	14	0	10	10132764	3640	394	0	0
2009-06-16	32	0	5	10215228	3653	394	0	0
2009-06-17	24	0	13	11179026	3671	395	0	0
2009-06-18	44	0	9	10869786	3694	396	0	0
2009-06-19	30	0	4	8565948	3727	397	0	0
2009-06-20	29	0	12	8488638	3749	397	0	0
2009-06-21	30	0	9	10957404	3774	399	0	0
2009-06-22	21	0	7	10699704	3794	399	0	0
2009-06-23	23	0	7	10916172	3813	400	0	0
2009-06-24	21	0	17	11112024	3847	405	0	0
2009-06-25	38	0	5	10612086	3873	405	0	0
2009-06-26	22	0	7	8895804	3894	408	0	0
2009-06-27	16	0	6	8483484	3915	408	0	0
2009-06-28	16	0	10	10416234	3935	408	0	0
2009-06-29	29	0	13	11756274	3959	410	0	0
2009-06-30	37	0	15	11519190	3984	411	0	0
2009-07-01	19	0	6	11426418	4011	414	0	0
2009-07-02	33	0	18	11014098	4040	415	0	0
2009-07-03	18	0	5	9323586	4068	416	0	0
2009-07-04	14	0	7	9277200	4100	416	0	0
2009-07-05	12	0	2	11209950	4127	416	0	0
2009-07-06	20	0	10	12008820	4155	418	0	0
2009-07-07	24	0	11	12122208	4174	420	0	0
2009-07-08	19	0	14	11946972	4193	421	0	0
2009-07-09	21	0	10	12297444	4226	422	0	0
2009-07-10	26	0	7	9983298	4255	423	0	0
2009-07-11	15	0	8	9962682	4285	424	0	0
2009-07-12	19	0	14	12044898	4309	426	0	0
2009-07-13	20	0	8	12611838	4333	427	0	0
2009-07-14	36	0	16	12988080	4346	427	0	0
2009-07-15	42	0	13	12982926	4355	427	0	0
2009-07-16	36	0	6	12962310	4370	427	0	0
2009-07-17	39	0	7	10462620	4383	427	0	0
2009-07-18	26	0	7	9978144	4387	427	0	0
2009-07-19	52	0	15	12240750	4409	427	0	0
2009-07-20	41	0	5	12534528	4429	427	0	0
2009-07-21	102	0	13	12720072	4447	428	0	0
2009-07-22	37	0	9	13415862	4468	429	0	0
2009-07-23	37	0	15	13122084	4490	430	0	0
2009-07-24	40	0	13	10637856	4510	430	0	0
2009-07-25	22	0	18	10333770	4521	430	0	0
2009-07-26	19	0	10	12415986	4542	432	0	0
2009-07-27	27	0	11	13153008	4559	432	0	0
2009-07-28	17	0	9	13508634	4581	432	0	0
2009-07-29	30	0	15	9699828	4598	433	0	0
2009-07-30	38	0	26	9287508	4613	433	0	0
2009-07-31	30	0	26	9009192	4630	433	0	0
2009-08-01	24	0	11	10070916	4658	436	0	0
2009-08-02	18	0	7	12158286	4681	436	0	0
2009-08-03	49	0	12	12611838	4693	436	0	0
2009-08-04	53	0	9	13498326	4718	436	0	0
2009-08-05	54	0	20	13441632	4746	436	0	0
2009-08-06	43	0	29	13910646	4778	437	0	0
2009-08-07	17	0	11	11081100	4810	437	0	0
2009-08-08	30	0	15	9936912	4840	437	0	0
2009-08-09	29	0	14	12709764	4882	438	0	0
2009-08-10	43	0	7	14132268	4901	438	0	0
2009-08-11	38	0	13	14410584	4919	438	0	0
2009-08-12	40	0	8	14188962	4931	439	0	0
2009-08-13	36	0	13	14663130	4959	439	0	0
2009-08-14	40	0	20	12699456	4976	439	0	0
2009-08-15	37	0	23	12575760	5002	439	0	0
2009-08-16	34	0	12	14029188	5021	440	0	0
2009-08-17	46	0	8	14281734	5038	440	0	0
2009-08-18	49	0	10	14328120	5048	440	0	0
2009-08-19	39	0	16	15090912	5064	440	0	0
2009-08-20	50	0	16	15065142	5078	440	0	0
2009-08-21	95	0	12	12725226	5088	440	0	0
2009-08-22	55	0	8	12534528	5095	440	0	0
2009-08-23	29	0	30	14116806	5109	443	0	0
2009-08-24	55	0	23	14951754	5114	443	0	0
2009-08-25	74	0	14	14178654	5123	443	0	0
2009-08-26	52	0	11	15018756	5129	443	0	0
2009-08-27	54	0	14	15286764	5148	444	0	0
2009-08-28	60	0	8	12343830	5172	447	0	0
2009-08-29	59	0	17	12106746	5196	448	0	0
2009-08-30	52	0	11	13225164	5239	450	0	0
2009-08-31	54	0	9	14652822	5274	452	0	0
2009-09-01	52	0	7	15003294	5304	452	0	0
2009-09-02	50	0	12	15961938	5322	453	0	0
2009-09-03	43	0	11	15209454	5333	453	0	0
2009-09-04	46	0	7	13477710	5357	454	0	0
2009-09-05	32	0	8	13173624	5379	454	0	0
2009-09-06	39	0	10	17126742	5390	456	0	0
2009-09-07	32	0	14	16219638	5410	456	0	0
2009-09-08	52	0	7	15961938	5428	458	0	0
2009-09-09	64	0	17	16003170	5435	458	0	0
2009-09-10	58	0	9	16168098	5449	458	0	0
2009-09-11	59	0	13	13771488	5465	459	0	0
2009-09-12	65	0	10	13627176	5485	460	0	0
2009-09-13	38	0	11	15843396	5505	461	0	0
2009-09-14	70	0	12	16889658	5523	461	0	0
2009-09-15	75	0	10	17291670	5537	461	0	0
2009-09-16	57	0	5	17003046	5559	462	0	0
2009-09-17	76	0	13	17008200	5581	462	0	0
2009-09-18	85	0	9	15054834	5606	463	0	0
2009-09-19	62	0	4	15008448	5625	463	0	0
2009-09-20	36	0	8	17296824	5646	465	0	0
2009-09-21	63	0	12	17224668	5666	468	0	0
2009-09-22	72	0	7	17415366	5687	468	0	0
2009-09-23	77	0	0	17740068	5700	470	0	0
2009-09-24	76	0	15	18173004	5739	477	0	0
2009-09-25	80	0	0	14822904	5773	481	0	0
2009-09-26	62	0	0	14910522	5813	487	0	0
2009-09-27	53	0	0	16693806	5840	492	0	0
2009-09-28	74	0	21	16961814	5867	492	0	0
2009-09-29	83	0	17	17003046	5899	498	0	0
2009-09-30	63	0	15	16183560	5930	504	0	0
2009-10-01	54	0	4	17446290	5957	507	0	0
2009-10-02	83	0	7	14735286	5991	507	0	0
2009-10-03	75	0	11	14606436	6027	509	0	0
2009-10-04	42	0	18	15678468	6058	510	0	0
2009-10-05	70	0	13	17204052	6092	511	0	0
2009-10-06	73	0	8	17126742	6117	511	0	0
2009-10-07	92	0	12	16894812	6153	512	0	0
2009-10-08	80	0	6	17595756	6185	512	0	0
2009-10-09	88	0	5	15137298	6223	513	0	0
2009-10-10	77	0	5	14152884	6262	514	0	0
2009-10-11	50	0	10	16869042	6306	514	0	0
2009-10-12	68	0	7	17095818	6333	515	0	0
2009-10-13	81	0	20	15704238	6366	515	0	0
2009-10-14	69	0	0	17301978	6408	517	0	0
2009-10-15	85	0	0	17296824	6443	520	0	0
2009-10-16	82	0	0	14709516	6471	523	0	0
2009-10-17	75	0	12	14992986	6501	525	0	0
2009-10-18	44	0	54	17023662	6540	528	0	0
2009-10-19	55	0	21	17971998	6576	529	0	0
2009-10-20	58	0	10	18477090	6617	530	0	0
2009-10-21	73	0	9	18054462	6657	532	0	0
2009-10-22	84	0	15	17807070	6707	536	0	0
2009-10-23	58	0	4	14956908	6758	541	0	0
2009-10-24	82	0	15	14637360	6807	545	0	0
2009-10-25	60	0	10	17080356	6858	547	0	0
2009-10-26	59	0	14	17951382	6903	549	0	0
2009-10-27	75	0	14	18147234	6943	552	0	0
2009-10-28	93	0	20	18642018	6986	555	0	0
2009-10-29	82	0	17	18116310	7011	555	0	0
2009-10-30	90	0	17	15544464	7043	556	0	0
2009-10-31	65	0	13	15766086	7085	556	0	0
2009-11-01	64	0	11	18002922	7108	556	0	0
2009-11-02	89	0	11	19080108	7121	559	0	0
2009-11-03	109	0	11	18760560	7162	559	0	0
2009-11-04	100	0	18	19255344	7196	561	0	0
2009-11-05	122	0	10	19332654	7230	562	0	0
2009-11-06	94	0	10	16374258	7264	563	0	0
2009-11-07	70	0	6	16863888	7308	565	0	0
2009-11-08	42	0	7	18935796	7349	568	0	0
2009-11-09	53	0	10	19126494	7378	569	0	0
2009-11-10	108	0	22	19384194	7426	577	0	0
2009-11-11	116	0	10	19755282	7462	578	0	0
2009-11-12	106	0	16	19806822	7495	579	0	0
2009-11-13	107	0	18	16714422	7542	580	0	0
2009-11-14	88	0	12	16915428	7585	582	0	0
2009-11-15	89	0	0	20172756	7635	584	0	0
2009-11-16	89	0	10	19992366	7690	584	0	0
2009-11-17	128	0	13	19842900	7745	588	0	0
2009-11-18	146	0	14	19198650	7790	592	0	0
2009-11-19	106	0	8	18863640	7831	594	0	0
2009-11-20	112	0	9	17023662	7881	594	0	0
2009-11-21	116	0	13	17858610	7930	601	0	0
2009-11-22	78	0	0	20445918	7993	604	0	0
2009-11-23	77	0	8	21342714	8042	605	0	0
2009-11-24	107	0	10	21255096	8099	607	0	0
2009-11-25	143	0	9	21141708	8152	609	0	0
2009-11-26	127	0	7	21316944	8201	611	0	0
2009-11-27	113	0	4	18363702	8246	613	0	0
2009-11-28	89	0	11	18343086	8279	613	0	0
2009-11-29	114	0	6	19884132	8301	613	0	0
2009-11-30	125	0	7	20275836	8344	613	0	0
2009-12-01	95	0	9	21353022	8375	617	0	0
2009-12-02	87	0	13	22105506	8421	621	0	0
2009-12-03	96	0	6	21126246	8470	625	0	0
2009-12-04	102	0	19	17760684	8503	627	0	0
2009-12-05	117	0	17	18162696	8560	636	0	0
2009-12-06	92	0	19	20157294	8632	641	0	0
2009-12-07	99	0	8	20621154	8707	644	0	0
2009-12-08	101	0	24	20518074	8777	651	0	0
2009-12-09	81	0	19	19533660	8850	660	0	0
2009-12-10	101	0	11	20662386	8916	667	0	0
2009-12-11	103	0	15	18317316	8978	671	0	0
2009-12-12	127	0	10	18616248	9049	678	0	0
2009-12-13	151	0	11	20512920	9118	684	0	0
2009-12-14	69	0	8	21574644	9179	691	0	0
2009-12-15	71	0	10	20662386	9246	699	0	0
2009-12-16	75	0	15	20234604	9331	710	0	0
2009-12-17	85	0	37	17353518	9436	722	0	0
2009-12-18	143	0	25	16363950	9581	755	0	0
2009-12-19	82	0	12	17765838	9720	766	0	0
2009-12-20	91	0	25	20394378	9835	773	0	0
2009-12-21	91	0	8	21368484	9944	779	0	0
2009-12-22	119	0	12	21631338	10061	785	0	0
2009-12-23	102	0	17	22760064	10166	795	0	0
2009-12-24	127	0	8	18136926	10265	809	0	0
2009-12-25	73	0	10	18039000	10365	817	0	0
2009-12-26	80	0	8	19600662	10475	824	0	0
2009-12-27	100	0	10	21322098	10578	829	0	0
2009-12-28	128	0	10	21275712	10657	830	0	0
2009-12-29	108	0	14	23394006	10778	838	0	0
2009-12-30	92	0	12	23419776	10873	844	0	0
2009-12-31	92	0	13	24466038	10971	854	0	0
2010-01-01	103	0	17	21858114	11061	861	0	0
2010-01-02	127	0	12	21265404	11153	869	0	0
2010-01-03	82	0	8	23450700	11288	884	0	0
2010-01-04	163	0	9	24301110	11416	892	0	0
2010-01-05	107	0	5	23919714	11552	903	0	0
2010-01-06	149	0	9	24239262	11660	905	0	0
2010-01-07	208	0	12	24708276	11756	909	0	0
2010-01-08	126	0	9	22095198	11849	912	0	0
2010-01-09	114	0	9	22775526	11941	914	0	0
2010-01-10	98	0	7	25187598	12074	920	0	0
2010-01-11	117	0	15	25254600	12177	927	0	0
2010-01-12	115	0	19	24646428	12292	932	0	0
2010-01-13	114	0	12	25527762	12390	938	0	0
2010-01-14	130	0	9	26259630	12477	945	0	0
2010-01-15	135	0	12	23265156	12568	949	0	0
2010-01-16	151	0	11	23734170	12655	950	0	0
2010-01-17	106	0	13	26501868	12750	952	0	0
2010-01-18	139	0	10	26321478	12849	958	0	0
2010-01-19	126	0	16	26682258	12941	959	0	0
2010-01-20	185	0	16	26651334	13075	965	0	0
2010-01-21	147	0	11	27496590	13198	975	0	0
2010-01-22	128	0	8	23739324	13288	979	0	0
2010-01-23	164	0	0	23285772	13398	983	0	0
2010-01-24	137	0	0	27104886	13489	987	0	0
2010-01-25	114	0	13	25615380	13647	995	0	0
2010-01-26	134	0	18	25996776	13781	1003	0	0
2010-01-27	114	0	16	25708152	13898	1011	0	0
2010-01-28	142	0	7	26764722	14026	1026	0	0
2010-01-29	167	0	11	24965976	14170	1036	0	0
2010-01-30	191	0	11	25362834	14324	1044	0	0
2010-01-31	104	0	10	26697720	14470	1055	0	0
2010-02-01	131	0	11	27053346	14638	1081	3	0
2010-02-02	151	0	23	27883140	14758	1094	10	0
2010-02-03	132	0	17	28197534	14968	1119	14	0
2010-02-04	150	0	22	28166610	15136	1140	10	0
2010-02-05	116	0	10	25960698	15308	1148	5	0
2010-02-06	112	0	16	24708276	15455	1158	11	0
2010-02-07	147	0	14	25857618	15642	1173	9	0
2010-02-08	90	0	0	27981066	15798	1188	4	0
2010-02-09	170	0	9	28233612	15956	1200	3	0
2010-02-10	189	0	15	29717964	16076	1205	12	0
2010-02-11	130	0	12	29846814	16201	1224	9	0
2010-02-12	153	0	15	26795646	16345	1237	12	0
2010-02-13	168	0	27	26996652	16539	1262	5	0
2010-02-14	132	0	12	28563468	16696	1285	7	0
2010-02-15	130	0	20	28692318	16822	1300	10	0
2010-02-16	132	0	20	29336568	16975	1316	9	0
2010-02-17	108	0	15	29403570	17147	1333	9	0
2010-02-18	134	0	20	31485786	17293	1348	14	0
2010-02-19	144	0	9	28867554	17436	1364	2	0
2010-02-20	185	0	39	28073838	17598	1379	13	0
2010-02-21	129	0	45	29486034	17753	1400	33	0
2010-02-22	105	0	23	29671578	17933	1423	26	0
2010-02-23	96	0	19	29491188	18121	1434	7	0
2010-02-24	109	0	20	29955048	18233	1441	9	0
2010-02-25	179	0	11	30279750	18335	1454	6	0
2010-02-26	176	0	8	27934680	18451	1468	3	0
2010-02-27	187	0	37	27908910	18579	1486	6	0
2010-02-28	181	0	16	30893076	18693	1495	7	0
2010-03-01	121	0	24	29501496	18833	1511	6	0
2010-03-02	117	0	9	30326136	18969	1526	9	0
2010-03-03	167	0	10	29748888	19071	1536	7	0
2010-03-04	165	0	12	30192132	19195	1554	4	0
2010-03-05	153	0	11	28511928	19309	1564	13	0
2010-03-06	197	0	20	27697596	19431	1575	6	0
2010-03-07	140	0	12	29764350	19560	1591	5	0
2010-03-08	120	0	11	30970386	19642	1599	4	0
2010-03-09	135	0	10	30125130	19742	1613	5	0
2010-03-10	138	0	9	29805582	19857	1628	2	0
2010-03-11	114	0	21	30537450	19948	1636	16	0
2010-03-12	178	0	16	28403694	20030	1644	8	0
2010-03-13	234	0	34	28347000	20147	1660	13	0
2010-03-14	189	0	15	30558066	20236	1668	8	0
2010-03-15	216	0	28	30970386	20334	1687	11	0
2010-03-16	256	0	9	31800180	20430	1700	4	0
2010-03-17	276	0	16	31609482	20530	1714	11	0
2010-03-18	213	0	22	32836134	20637	1738	12	0
2010-03-19	388	0	14	30253980	20738	1754	14	0
2010-03-20	223	0	14	30114822	20888	1773	11	0
2010-03-21	194	0	18	33186606	21022	1799	14	0
2010-03-22	212	0	19	33351534	21146	1824	12	0
2010-03-23	181	0	23	33506154	21291	1854	14	0
2010-03-24	238	0	18	32573280	21408	1875	6	0
2010-03-25	152	0	17	31846566	21541	1907	15	0
2010-03-26	230	0	16	31094082	21685	1939	9	0
2010-03-27	216	0	15	31604328	21817	1954	7	0
2010-03-28	111	0	14	32233116	21953	1970	1	0
2010-03-29	143	0	19	33578310	22082	1983	8	0
2010-03-30	149	0	16	33495846	22235	2006	6	0
2010-03-31	121	0	11	33140220	22382	2018	3	0
2010-04-01	186	0	13	33562848	22495	2038	10	0
2010-04-02	223	0	24	31171392	22602	2051	1	0
2010-04-03	174	0	6	31490940	22709	2063	11	0
2010-04-04	158	0	7	32258886	22837	2084	6	0
2010-04-05	131	0	13	33330918	22959	2110	7	0
2010-04-06	161	0	186	34165866	23072	2131	95	0
2010-04-07	156	0	20	34670958	23206	2148	8	0
2010-04-08	164	0	36	34402950	23349	2182	34	0
2010-04-09	179	0	78	32310426	23538	2248	117	0
2010-04-10	160	0	27	33078372	23779	2314	24	0
2010-04-11	152	0	26	32949522	23997	2383	17	0
2010-04-12	169	0	22	35279130	24185	2433	25	0
2010-04-13	145	0	35	34335948	24346	2479	23	0
2010-04-14	151	0	49	35784222	24503	2531	40	0
2010-04-15	169	0	124	35578062	24722	2590	35	0
2010-04-16	178	0	92	33109296	24882	2639	26	0
2010-04-17	209	0	59	33784470	25062	2684	22	0
2010-04-18	151	0	38	34335948	28335	2760	28	0
2010-04-19	122	0	29	33903012	28534	2816	11	0
2010-04-20	162	0	36	34521492	28705	2865	15	0
2010-04-21	137	0	30	34573032	28893	2919	17	0
2010-04-22	162	0	37	34134942	29027	2958	15	0
2010-04-23	150	0	39	32769132	29180	2990	24	0
2010-04-24	186	0	58	33227838	29314	3028	23	0
2010-04-25	158	0	44	33212376	29442	3062	12	0
2010-04-26	133	0	31	33098988	29597	3101	12	0
2010-04-27	139	0	40	37686048	29757	3141	8	0
2010-04-28	117	0	74	34784346	29905	3188	10	0
2010-04-29	406	0	50	34624572	30022	3223	11	0
2010-04-30	197	0	98	33738084	30140	3254	9	0
2010-05-01	195	0	39	33356688	30263	3292	15	0
2010-05-02	164	0	60	33985476	30383	3319	22	0
2010-05-03	154	0	42	34794654	30515	3364	16	0
2010-05-04	143	0	51	35289438	30636	3404	11	0
2010-05-05	144	0	34	35387364	30756	3440	10	0
2010-05-06	160	0	37	35717220	30886	3477	4	0
2010-05-07	133	0	31	34686420	31003	3509	7	0
2010-05-08	179	0	34	35361594	31149	3540	14	0
2010-05-09	148	0	37	35454366	31301	3572	2	0
2010-05-10	140	0	44	36629478	31417	3601	17	0
2010-05-11	147	0	37	36943872	31517	3626	1	0
2010-05-12	160	0	37	37917978	31626	3654	17	0
2010-05-13	233	0	41	39809496	31735	3682	30	0
2010-05-14	160	0	41	35279130	31857	3718	24	0
2010-05-15	226	0	35	35072970	31937	3742	6	0
2010-05-16	195	0	44	37150032	32032	3762	6	0
2010-05-17	234	0	40	38222064	32168	3795	24	0
2010-05-18	183	0	33	38897238	32343	3846	8	0
2010-05-19	175	0	41	39010626	32521	3905	16	0
2010-05-20	202	0	39	39917730	32706	3956	19	0
2010-05-21	263	0	47	36990258	32871	4015	12	0
2010-05-22	201	0	44	36943872	33052	4081	17	0
2010-05-23	184	0	51	36562476	33317	4188	20	0
2010-05-24	170	0	42	38819928	33512	4255	32	0
2010-05-25	175	0	112	40288818	33713	4333	86	0
2010-05-26	214	0	95	39763110	33931	4414	40	0
2010-05-27	262	0	61	39448716	34123	4489	16	0
2010-05-28	272	0	39	35846070	34358	4567	8	0
2010-05-29	360	0	53	35789376	34553	4630	15	0
2010-05-30	256	0	43	39134322	34721	4699	18	0
2010-05-31	189	0	41	39036396	34886	4766	25	0
2010-06-01	190	0	38	35712066	35039	4826	8	0
2010-06-02	243	0	35	39747648	35200	4891	6	0
2010-06-03	196	0	42	38768388	35382	4960	18	0
2010-06-04	218	0	35	38747772	35529	5027	20	0
2010-06-05	249	0	79	36392394	35682	5074	30	0
2010-06-06	504	0	38	39984732	35842	5142	28	0
2010-06-07	179	0	59	40232124	36008	5217	41	0
2010-06-08	198	0	52	40927914	36198	5297	25	0
2010-06-09	155	0	60	40603212	36383	5380	20	0
2010-06-10	186	0	56	41525778	36565	5449	25	0
2010-06-11	171	0	26	36856254	36785	5563	20	0
2010-06-12	323	0	13	37464426	36964	5645	16	0
2010-06-13	255	0	2	37577814	37172	5731	6	0
2010-06-14	247	0	14	37186110	37375	5799	26	0
2010-06-15	246	0	24	40268202	37590	5887	20	0
2010-06-16	339	0	29	42417420	37750	5947	21	0
2010-06-17	253	0	39	40139352	37917	6002	10	0
2010-06-18	246	0	114	37701510	38072	6061	12	0
2010-06-19	216	0	60	41865942	38258	6136	17	0
2010-06-20	214	0	67	42288570	38445	6216	11	0
2010-06-21	187	0	91	40855758	38665	6317	23	0
2010-06-22	201	0	40	38031366	38866	6402	10	0
2010-06-23	194	0	88	38278758	39076	6487	21	0
2010-06-24	226	0	59	39861036	39263	6565	18	0
2010-06-25	232	0	44	24873204	39414	6628	17	0
2010-06-26	285	0	0	0	39571	6687	17	0
2010-06-27	272	0	71	0	39750	6778	46	0
2010-06-28	226	0	0	35454366	39903	6866	30	0
2010-06-29	189	0	1083	44180088	40105	6961	32	0
2010-06-30	395	0	417	41603088	40321	7038	30	0
2010-07-01	359	0	140	43283292	40550	7133	20	0
2010-07-02	285	0	71	38433378	40729	7213	11	0
2010-07-03	208	0	82	42350418	40946	7312	17	0
2010-07-04	0	0	56	40350666	41113	7399	11	0
2010-07-05	0	0	0	42886434	41295	7482	23	0
2010-07-06	192	0	56	41938098	41449	7550	47	0
2010-07-07	173	0	0	42752430	41626	7637	65	0
2010-07-08	228	0	0	43432758	41796	7714	72	0
2010-07-09	250	0	0	38644692	42001	7805	60	0
2010-07-10	227	0	0	37691202	42180	7888	35	0
2010-07-11	186	0	2430	40407360	42542	8123	755	0
2010-07-12	164	0	7712	41005224	45110	10114	4253	0
2010-07-13	278	0	1086	42736968	46495	11068	896	0
2010-07-14	215	0	705	43272984	52536	12091	1715	0
2010-07-15	410	0	394	43633764	53725	12906	971	0
2010-07-16	298	0	375	39283788	54770	13624	727	0
2010-07-17	266	0	235	22574520	55140	13871	478	0
2010-07-18	307	0	200	1865748	55517	14127	400	0
2010-07-19	236	0	230	23193000	56019	14453	349	0
2010-07-20	179	0	183	43401834	56621	14752	322	0
2010-07-21	240	0	293	44149164	57022	15008	300	0
2010-07-22	193	0	220	42695736	57400	15226	189	0
2010-07-23	204	0	238	40391898	57764	15439	232	0
2010-07-24	222	0	157	36799560	58380	15644	200	0
2010-07-25	233	0	221	41195922	60144	16581	180	0
2010-07-26	10	0	246	39685800	60504	16762	343	0
2010-07-27	104	0	302	33892704	60889	16961	417	0
2010-07-28	229	0	153	37304652	61209	17138	153	0
2010-07-29	159	0	188	44334708	61542	17330	294	0
2010-07-30	157	0	131	41118612	61818	17472	324	0
2010-07-31	238	0	159	40381590	62066	17596	235	0
2010-08-01	170	0	92	43164750	62369	17735	200	0
2010-08-02	166	0	66	45860292	62673	17896	261	0
2010-08-03	185	0	76	47277642	63225	18033	252	0
2010-08-04	156	0	62	45994296	63618	18201	277	0
2010-08-05	207	0	77	46973556	64134	18436	196	0
2010-08-06	419	0	52	42505038	64472	18586	195	0
2010-08-07	328	0	37	42876126	64684	18703	142	0
2010-08-08	260	0	28	44741874	65047	18857	101	0
2010-08-09	204	0	42	45525282	65454	19069	212	0
2010-08-10	195	0	54	44984112	65733	19223	208	0
2010-08-11	217	0	44	45736596	66057	19420	174	0
2010-08-12	238	0	44	37242804	66382	19612	143	0
2010-08-13	221	0	41	37479888	66875	19832	102	0
2010-08-14	229	0	20	42685428	67202	20003	83	0
2010-08-15	240	0	33	43891464	67418	20130	68	0
2010-08-16	186	0	45	45520128	67826	20341	411	0
2010-08-17	228	0	37	44855262	68115	20491	200	0
2010-08-18	222	0	37	48055896	68464	20676	184	0
2010-08-19	190	0	25	52070862	68733	20822	106	0
2010-08-20	179	0	25	51179220	69069	20977	123	0
2010-08-21	247	0	38	51421458	69356	21102	140	0
2010-08-22	274	0	52	54730326	69654	21232	169	0
2010-08-23	169	0	26	56895006	69976	21385	159	0
2010-08-24	239	0	33	15394998	70286	21552	132	0
2010-08-25	150	0	38	0	70597	21706	113	0
2010-08-26	216	0	27	39392022	70870	21838	115	0
2010-08-27	268	0	35	50663820	71105	21974	263	0
2010-08-28	393	0	12	50210268	71387	22125	191	0
2010-08-29	329	0	21	53952072	71612	22228	207	0
2010-08-30	286	0	30	40675368	71888	22354	278	0
2010-08-31	286	0	23	58497900	72243	22532	159	0
2010-09-01	94	0	25	57838188	72572	22686	189	0
2010-09-02	0	0	20	55060182	72796	22799	128	0
2010-09-03	317	0	24	53539752	73083	22946	118	0
2010-09-04	520	0	14	55390038	73302	23038	104	0
2010-09-05	440	0	19	47411646	73568	23182	110	0
2010-09-06	382	0	23	57740262	73799	23304	135	0
2010-09-07	301	0	16	58235046	74016	23407	136	0
2010-09-08	1611	0	25	51761622	74293	23541	188	0
2010-09-09	382	0	16	57946422	74563	23660	147	0
2010-09-10	190	0	29	53008890	74848	23801	161	0
2010-09-11	310	0	26	53921148	75094	23913	132	0
2010-09-12	332	0	15	56678538	75419	24067	118	0
2010-09-13	204	0	25	57554718	75816	24255	122	0
2010-09-14	342	0	33	57626874	76148	24409	96	0
2010-09-15	345	0	13	60394572	76517	24585	92	0
2010-09-16	336	0	22	59322540	76849	24727	73	0
2010-09-17	336	0	16	56219832	77144	24874	105	0
2010-09-18	386	0	21	57626874	77457	25020	198	0
2010-09-19	294	0	21	59884326	77740	25161	152	0
2010-09-20	287	0	27	60812046	78184	25372	188	0
2010-09-21	280	0	41	59075148	79036	25757	238	0
2010-09-22	357	0	25	60100794	79769	26083	123	0
2010-09-23	345	0	24	61270752	80379	26344	129	0
2010-09-24	476	0	32	51143142	80874	26538	95	0
2010-09-25	423	0	15	58503054	81413	26746	73	0
2010-09-26	449	0	51	58255662	81786	26884	89	0
2010-09-27	364	0	73	58889604	82389	27129	84	0
2010-09-28	284	0	86	58652520	82785	27254	122	0
2010-09-29	413	0	98	58332972	83667	27360	107	0
2010-09-30	296	0	302	61667610	84018	27531	326	0
2010-10-01	322	0	71	55776588	84593	27695	246	0
2010-10-02	341	0	61	57657798	85089	27902	205	0
2010-10-03	293	0	37	60296646	85435	28018	177	0
2010-10-04	259	0	100	57683568	85840	28208	148	0
2010-10-05	268	0	40	63218964	86254	28409	134	0
2010-10-06	252	0	78	52921272	86629	28580	138	0
2010-10-07	300	0	82	50900904	86940	28731	137	0
2010-10-08	337	0	64	58786524	87295	28892	126	0
2010-10-09	352	0	62	54436548	87700	29057	107	0
2010-10-10	351	0	69	56905314	88039	29198	103	0
2010-10-11	254	0	43	60904818	88371	29359	125	0
2010-10-12	246	0	22	59219460	88726	29522	89	0
2010-10-13	286	0	24	59209152	89086	29664	82	0
2010-10-14	267	0	15	61007898	89434	29807	54	0
2010-10-15	345	0	15	54049998	89770	29955	112	0
2010-10-16	295	0	20	58477284	90195	30131	59	0
2010-10-17	285	0	23	59966790	90639	30303	64	0
2010-10-18	226	0	14	62384016	91222	30557	79	0
2010-10-19	276	0	32	61007898	92103	30892	161	0
2010-10-20	276	0	20	60853278	92782	31146	120	0
2010-10-21	425	0	21	60956358	93276	31335	141	0
2010-10-22	444	0	11	54323160	93811	31520	132	0
2010-10-23	453	0	18	57812418	94285	31670	127	0
2010-10-24	274	0	16	58868988	94769	31820	89	0
2010-10-25	235	0	17	59090610	95187	32001	110	0
2010-10-26	342	0	20	54766404	95753	32257	104	0
2010-10-27	324	0	17	58621596	96352	32534	123	0
2010-10-28	336	0	16	56152830	96851	32735	86	0
2010-10-29	324	0	9	59271000	97278	32882	86	0
2010-10-30	288	0	12	61889232	97657	33021	85	0
2010-10-31	233	0	20	58018578	97918	33128	85	0
2010-11-01	234	0	15	61724304	98229	33242	58	0
2010-11-02	308	0	20	61997466	98477	33339	80	0
2010-11-03	217	0	21	62244858	98784	33470	61	0
2010-11-04	191	0	19	63121038	99088	33595	84	0
2010-11-05	244	0	18	54565398	99486	33753	72	0
2010-11-06	322	0	15	60636810	99850	33901	96	0
2010-11-07	296	0	24	62600484	100227	34051	106	0
2010-11-08	277	0	33	63497280	100667	34259	262	0
2010-11-09	1374	0	31	64770318	101020	34406	145	0
2010-11-10	385	0	35	60363648	101387	34560	100	0
2010-11-11	303	0	42	64079682	101724	34709	138	0
2010-11-12	311	0	15	60332724	101964	34812	99	0
2010-11-13	403	0	19	61878924	102261	34927	92	0
2010-11-14	293	0	36	66682452	102626	35081	193	0
2010-11-15	294	0	119	66295902	106719	35367	508	0
2010-11-16	485	0	66	65517648	109677	36158	256	0
2010-11-17	324	0	14	67218468	110089	36330	127	0
2010-11-18	296	0	35	66146436	110463	36475	102	0
2010-11-19	481	0	23	63930216	110781	36629	105	0
2010-11-20	433	0	23	66084588	111300	36921	144	0
2010-11-21	467	0	38	69718158	111774	37169	124	0
2010-11-22	303	0	42	70006782	112117	37322	139	0
2010-11-23	303	0	18	68269884	112439	37470	114	0
2010-11-24	327	0	35	69372840	112918	37698	208	0
2010-11-25	309	0	23	67599864	113458	37950	163	0
2010-11-26	389	0	37	64064220	114287	38362	397	0
2010-11-27	404	0	46	66017586	114732	38584	255	0
2010-11-28	375	0	18	70517028	115186	38747	226	0
2010-11-29	276	0	14	73243494	115623	38983	168	0
2010-11-30	362	0	59	70290252	116082	39216	339	0
2010-12-01	371	0	82	70197480	116622	39506	386	0
2010-12-02	606	0	31	63471510	117063	39748	273	0
2010-12-03	446	0	45	65213562	117432	39921	155	0
2010-12-04	649	0	34	67043232	117854	40121	223	0
2010-12-05	384	0	28	66079434	118285	40322	190	0
2010-12-06	463	0	74	74037210	118737	40516	279	0
2010-12-07	477	0	76	73681584	119329	40832	419	0
2010-12-08	483	0	57	72851790	119855	41098	343	0
2010-12-09	432	0	31	72944562	120345	41327	303	0
2010-12-10	389	0	52	65213562	120747	41538	291	0
2010-12-11	478	0	75	61342908	121386	41914	543	0
2010-12-12	493	0	353	73016718	122081	42372	1183	0
2010-12-13	435	0	357	76325586	122805	42870	986	0
2010-12-14	462	0	926	73557888	123503	43316	532	0
2010-12-15	469	0	551	73588812	124168	43688	414	0
2010-12-16	560	0	520	72661092	124720	43984	365	0
2010-12-17	546	0	386	57967038	125181	44232	272	0
2010-12-18	538	0	377	65141406	125704	44477	377	0
2010-12-19	451	0	523	71784912	126273	44790	398	0
2010-12-20	422	0	605	74258832	127221	45084	2704	0
2010-12-21	475	0	499	77861478	127901	45369	239	0
2010-12-22	474	0	406	75820494	128625	45667	285	0
2010-12-23	448	0	324	75676182	129209	45936	289	0
2010-12-24	451	0	273	58059810	129755	46139	209	0
2010-12-25	366	0	211	65739270	130514	46474	206	0
2010-12-26	369	0	221	73939284	131183	46753	214	0
2010-12-27	402	0	262	75887496	131739	46976	226	0
2010-12-28	504	0	220	77779014	132409	47219	196	0
2010-12-29	389	0	217	78572730	132956	47459	164	0
2010-12-30	658	0	524	79170594	133567	47722	320	0
2010-12-31	350	0	309	73789818	134120	47932	210	0
2011-01-01	366	0	201	70470642	134835	48181	111	0
2011-01-02	477	0	256	78928356	135438	48412	152	0
2011-01-03	499	0	295	81397122	136289	48731	222	0
2011-01-04	518	0	199	79505604	137012	49000	227	0
2011-01-05	486	0	358	79232442	137927	49316	243	0
2011-01-06	473	0	278	71980764	138578	49536	240	0
2011-01-07	570	0	249	51143142	139404	49788	163	0
2011-01-08	520	0	181	0	140386	50059	161	0
2011-01-09	472	0	193	0	141280	50279	162	0
2011-01-10	494	0	251	0	142237	50599	238	0
2011-01-11	487	0	273	61255290	143262	50872	256	0
2011-01-12	551	0	222	80551866	144099	51159	206	0
2011-01-13	502	0	264	81768210	145033	51445	297	0
2011-01-14	567	0	209	35650218	145902	51684	196	0
2011-01-15	609	0	187	77933634	146857	51975	138	0
2011-01-16	0	0	216	81587820	147849	52287	175	0
2011-01-17	0	0	284	84169974	148720	52542	212	0
2011-01-18	0	0	291	84489522	149676	52879	186	0
2011-01-19	387	0	172	75753492	150662	53206	181	0
2011-01-20	499	0	191	84128742	151633	53472	214	0
2011-01-21	618	0	226	80737410	152881	53871	297	0
2011-01-22	313	0	231	79948848	154342	54281	293	0
2011-01-23	576	0	178	83087634	155498	54630	262	0
2011-01-24	496	0	223	84319440	156926	55015	203	0
2011-01-25	547	0	215	78593346	157848	55294	245	0
2011-01-26	596	0	198	62404632	158834	55543	167	0
2011-01-27	556	0	190	76619364	159744	55838	164	0
2011-01-28	610	0	280	81495048	160932	56217	195	0
2011-01-29	828	0	193	85633710	162366	56673	139	0
2011-01-30	732	0	171	88308636	165157	56995	139	0
2011-01-31	524	0	245	85071924	166513	57431	197	0
2011-02-01	531	0	268	77820246	167615	57749	271	0
2011-02-02	611	0	333	87540690	168536	57960	323	0
2011-02-03	552	0	255	89865144	169325	58119	161	0
2011-02-04	690	0	311	83309256	170253	58362	188	0
2011-02-05	746	0	253	80727102	171129	58578	198	0
2011-02-06	737	0.0519878	277	96034482	172000	58747	193	0
2011-02-07	658	0.0550459	266	86221266	172883	58946	190	0
2011-02-08	703	0.058104	286	63368430	173784	59203	212	0
2011-02-09	667	0.0642202	393	87953010	175145	59775	589	0
2011-02-10	946	0.299694	2911	87690156	177514	60967	2655	0
2011-02-11	792	0.30581	2368	81830058	180306	62694	3639	0
2011-02-12	722	0.165138	990	83463876	182568	63995	1332	0
2011-02-13	653	0.184397	932	89849682	184638	64951	1046	0
2011-02-14	735	0.12766	903	83618496	186897	65924	1069	0
2011-02-15	737	0.0851064	745	89777526	189252	66685	843	0
2011-02-16	488	0.0957447	751	90308388	191371	67586	836	0
2011-02-17	675	0.198582	799	92818386	193808	68710	1071	0
2011-02-18	695	0.156028	779	78840738	196109	69793	930	0
2011-02-19	725	0.152482	523	83469030	197877	70585	712	0
2011-02-20	876	0.136029	553	89256972	200009	71434	621	0
2011-02-21	842	0.169118	927	89050812	202226	72414	1047	0
2011-02-22	1824	0.143382	1163	90066150	204635	73553	1483	0
2011-02-23	1971	0.110294	702	88241634	207149	74652	899	0
2011-02-24	910	0.161765	877	90715554	209549	75661	975	0
2011-02-25	794	0.113971	680	85824408	211832	76615	902	0
2011-02-26	704	0.165441	757	86551122	213954	77604	979	0
2011-02-27	717	0.166667	810	86875824	216380	78564	1006	0
2011-02-28	700	0.148148	852	55034412	218245	79340	1472	0
2011-03-01	738	0.148148	1219	89189970	221512	81083	1652	0
2011-03-02	782	0.194444	863	92065902	223707	82067	946	0
2011-03-03	691	0.12963	714	112125270	227173	83243	772	0
2011-03-04	780	0.111111	610	95792244	229257	84011	682	0
2011-03-05	914	0.101852	462	97312674	231438	84844	650	0
2011-03-06	805	0.147651	641	98704254	233603	85621	572	0
2011-03-07	917	0.181208	1039	101946120	235693	86438	686	0
2011-03-08	614	0.214765	1113	99147498	238488	87358	694	0
2011-03-09	754	0.0671141	665	97240518	240701	88252	572	0
2011-03-10	840	0.120805	616	98266164	242773	89077	585	0
2011-03-11	830	0.174497	527	94117194	244762	89824	589	0
2011-03-12	878	0.0939597	439	96539574	246955	90622	457	0
2011-03-13	939	0.117188	369	99992754	248829	91330	396	0
2011-03-14	820	0.101562	649	100384458	250538	92062	471	0
2011-03-15	984	0.117188	555	102203820	252869	92814	546	0
2011-03-16	830	0.164062	471	100265916	254864	93520	477	0
2011-03-17	795	0.21875	484	101332794	257045	94274	430	0
2011-03-18	747	0.101562	449	96039636	259074	94963	439	0
2011-03-19	998	0.179688	379	99910290	261218	95652	331	0
2011-03-20	974	0.0943396	508	101848194	264705	96462	391	0
2011-03-21	915	0.238994	3642	104306652	267893	97823	2180	0
2011-03-22	1116	0.207547	1659	103951026	270550	98913	948	0
2011-03-23	1498	0.628931	4528	106311558	275141	101361	3269	0
2011-03-24	1264	0.371069	1822	97101360	277799	102858	1511	0
2011-03-25	1124	0.232704	975	97802304	280258	103981	816	0
2011-03-26	1177	0.226415	711	99595896	283477	105091	618	0
2011-03-27	1102	0.221198	1048	102817146	286302	106146	843	0
2011-03-28	1228	0.202765	1225	101946120	289600	107238	816	0
2011-03-29	1246	0.119816	882	105002442	292421	108173	708	0
2011-03-30	1214	0.152074	888	105419916	294602	109151	595	0
2011-03-31	1244	0.0921659	702	102322362	297174	110139	494	0
2011-04-01	992	0.0921659	556	98967108	298960	110765	467	0
2011-04-02	1140	0.119816	539	101250330	300969	111457	454	0
2011-04-03	1351	0.127358	730	102348132	303048	112264	718	0
2011-04-04	1759	0.150943	1324	104584968	305874	113519	1020	0
2011-04-05	1572	0.198113	1220	106677492	308338	114585	977	0
2011-04-06	1492	0.132075	940	105677616	310557	115580	807	0
2011-04-07	1696	0.108491	769	106388868	312492	116335	877	0
2011-04-08	1521	0.136792	810	88277712	314574	117172	669	0
2011-04-09	1822	0.146226	631	102770760	316572	118022	716	0
2011-04-10	1667	0.0938776	616	106646568	318554	118834	633	0
2011-04-11	1421	0.15102	1031	110037900	320789	119741	777	0
2011-04-12	1652	0.138776	923	112537590	323151	120576	601	0
2011-04-13	1399	0.0693878	709	107455746	325850	121523	637	0
2011-04-14	1463	0.171429	818	106002318	330130	123444	620	0
2011-04-15	1534	0.134694	662	103074846	332393	124196	625	0
2011-04-16	1773	0.240816	1173	106234248	334817	125038	1231	0
2011-04-17	2063	0.197943	1407	107301126	337329	125977	1311	0
2011-04-18	2327	0.169666	1536	106857882	340767	127072	1158	0
2011-04-19	2096	0.133676	1683	113681778	344689	128382	998	0
2011-04-20	2214	0.11054	1320	112279890	347944	129409	720	0
2011-04-21	2461	0.143959	962	113640546	350256	130488	723	0
2011-04-22	2682	0.107969	973	103018152	352648	131456	600	0
2011-04-23	2766	0.136247	911	106249710	355332	132455	841	0
2011-04-24	2092	0.269841	1016	114501264	357873	133511	756	0
2011-04-25	2202	0.206349	1268	112429356	360869	134830	868	0
2011-04-26	2126	0.269841	1316	110115210	364712	136114	974	0
2011-04-27	2268	0.234127	1412	110955312	369841	137599	1314	0
2011-04-28	2837	0.321429	1841	111785106	373463	139208	1774	0
2011-04-29	2506	0.301587	1255	107048580	377738	140977	1433	0
2011-04-30	2731	0.396825	1510	108677244	382873	143079	1865	0
2011-05-01	2410	0.333333	1554	109579194	387371	144785	1405	0
2011-05-02	2112	0.333333	1146	113022066	390902	145914	1315	0
2011-05-03	2442	0.25641	1084	105280758	394448	147154	1132	0
2011-05-04	2406	0.282051	1238	113485926	398019	148545	1397	0
2011-05-05	2288	0.282051	1435	108481392	402302	150103	1491	0
2011-05-06	1949	0.25641	1208	109939974	406564	151792	1289	0
2011-05-07	1953	0.25641	1087	114717732	411108	153088	1183	0
2011-05-08	2198	0.404762	1752	116444322	414811	154474	1280	0
2011-05-09	2735	0.333333	2915	113284920	419064	156025	1730	0
2011-05-10	2999	0.333333	2056	117274116	422921	157343	1797	0
2011-05-11	2440	0.380952	2551	115356828	426786	158705	1788	0
2011-05-12	2626	0.47619	2303	118191528	430656	159977	2546	0
2011-05-13	2779	0.642857	2602	114408492	435747	161825	2189	0
2011-05-14	3247	0.428571	2106	115325904	441218	163839	2065	0
2011-05-15	3102	0.453401	2426	116722638	446164	165841	2020	0
2011-05-16	5744	1.91436	22154	116604096	452514	168546	13905	0
2011-05-17	4922	1.38539	11820	116392782	458573	170980	9116	0
2011-05-18	4170	1.1335	7589	116650482	465884	173654	7047	0
2011-05-19	4169	2.14106	16206	117052494	472193	176135	16788	0
2011-05-20	4553	1.88917	10861	114197178	478524	178511	13926	0
2011-05-21	4012	1.08312	6781	111609870	485060	180841	6652	0
2011-05-22	3997	1.14286	6451	114470340	491718	183151	6657	0
2011-05-23	5022	0.932945	6895	118423458	498694	185605	7089	0
2011-05-24	4328	1.02624	7930	120881916	506108	188003	6648	0
2011-05-25	4525	1.77259	16562	121428240	514283	190864	11805	0
2011-05-26	3701	1.23615	8173	123010518	522565	193770	6809	0
2011-05-27	3616	1.02624	5721	113022066	528422	195606	5031	0
2011-05-28	3301	0.862974	4261	114599190	534655	197474	4780	0
2011-05-29	3309	1.05292	4819	121263312	540461	199114	5554	0
2011-05-30	3618	0.97493	5801	122170416	547284	201280	7971	0
2011-05-31	4100	2.49582	13620	122402346	554937	203816	20033	0
2011-06-01	4561	2.22284	13475	124268094	562839	206430	13209	0
2011-06-02	5073	2.57382	19273	122191032	571624	209347	13112	0
2011-06-03	4885	2.41783	20153	112558206	581844	212946	12137	0
2011-06-04	4359	2.26184	11053	115222824	593163	216802	9647	0
2011-06-05	4933	2.21656	11526	120160356	603514	220132	10113	0
2011-06-06	4853	2.14013	14551	119876886	615506	224167	11886	0
2011-06-07	4808	2.06369	11349	124463946	626665	227905	10461	11
2011-06-08	6345	2.67516	16593	125267970	641527	233158	14968	0
2011-06-09	6355	2.86624	16799	123742386	657452	238782	14699	0
2011-06-10	5300	2.59873	14494	111341862	671649	243592	12074	0
2011-06-11	5396	3.43949	21642	115789764	685414	248240	13703	0
2011-06-12	5899	3.85959	22094	121464318	701476	253625	13517	0
2011-06-13	11329	3.42637	22080	127458420	715845	258376	13047	0
2011-06-14	10636	2.91438	16659	128777844	733286	263763	13735	0
2011-06-15	7204	3.5839	22913	128762382	749339	268987	16396	0
2011-06-16	6257	3.26884	20297	127257414	766153	275239	16272	0
2011-06-17	9549	3.1113	17766	117238038	781042	280473	13187	0
2011-06-18	5901	2.83562	13513	119706804	795847	285559	11168	0
2011-06-19	8956	2.74576	12845	132210408	810705	290597	10027	0
2011-06-20	8658	3.81356	28165	127901664	824522	294935	13327	0
2011-06-21	13073	2.97458	17721	130257042	837311	299546	10541	0
2011-06-22	7068	2.89831	21581	129726180	851460	303931	10422	0
2011-06-23	6396	2.13559	15376	128066592	864177	307724	8034	0
2011-06-24	10747	1.90678	9838	114588882	877783	312246	5920	0
2011-06-25	3461	1.52542	7043	114444570	890014	316155	4804	0
2011-06-26	3248	1.87234	7045	121103538	902726	320202	6261	0
2011-06-27	11607	1.95035	8696	125309202	917999	325265	8004	0
2011-06-28	13203	1.6773	7658	130813674	931928	330049	6964	0
2011-06-29	7091	1.56028	8291	126092610	944464	333982	6421	0
2011-06-30	13649	1.44326	7051	133514370	956248	337561	5696	0
2011-07-01	19270	1.20922	6605	121629246	968926	340823	4924	0
2011-07-02	3621	1.28723	4852	120371670	979223	344213	3884	0
2011-07-03	3366	1.39875	4393	129324168	989530	347274	4114	0
2011-07-04	13397	1.10647	5467	131736240	1001668	351003	3971	0
2011-07-05	7622	1.54489	5619	134261700	1012819	354230	4431	0
2011-07-06	9964	1.25261	5837	135838824	1025942	358184	4470	0
2011-07-07	9349	2.08768	6732	132828888	1037211	361556	10171	0
2011-07-08	8234	1.33612	5119	120330438	1047563	364502	5336	0
2011-07-09	3708	1.27349	3745	127901664	1057003	366875	5182	0
2011-07-10	3579	1.08108	3598	132823734	1068061	370459	5175	0
2011-07-11	9783	1.10074	4517	129277782	1080381	373337	5078	0
2011-07-12	9138	1.08108	4494	138658062	1090258	376069	5318	0
2011-07-13	17397	1.15971	6414	140729970	1101204	378898	5836	0
2011-07-14	17862	1.45455	11536	139188924	1111985	381862	6899	0
2011-07-15	6322	1.06143	5024	128545914	1121699	384291	4296	0
2011-07-16	4022	1.06143	3888	125345280	1132031	386786	3731	0
2011-07-17	3767	1.03979	3914	135086340	1141746	388772	3762	0
2011-07-18	11488	1.18833	5482	139601244	1152569	391436	4079	0
2011-07-19	20902	1.42175	6411	137884962	1163559	394254	4856	0
2011-07-20	12281	1.25199	7058	141054672	1174488	396948	4450	0
2011-07-21	16030	1.12467	4701	137926194	1184435	399263	3535	0
2011-07-22	3612	0.976127	3862	126814170	1195781	402349	2925	0
2011-07-23	3497	0.997347	3356	127633656	1204941	404708	2767	0
2011-07-24	3628	1.04167	3506	133710222	1214728	406837	2911	0
2011-07-25	17347	1.10417	5244	138230280	1225845	409384	3936	0
2011-07-26	6418	0.979167	5930	139302312	1236319	411934	3537	0
2011-07-27	4523	0.958333	4693	139168308	1245759	413979	3454	0
2011-07-28	7341	0.895833	4210	138714756	1255724	416538	3098	0
2011-07-29	3572	1	3630	125128812	1264534	418666	2901	0
2011-07-30	3252	1.02083	2878	129396324	1271840	420311	2654	0
2011-07-31	3473	1.10276	3112	136529460	1281635	422563	2960	0
2011-08-01	3648	1.02256	3812	124355712	1291618	424803	3311	0
2011-08-02	5574	1.12281	4609	140137260	1302456	427538	3377	0
2011-08-03	6293	1.24311	5713	141054672	1311633	429706	3516	0
2011-08-04	8136	1.04261	4413	140420730	1321442	431848	3484	0
2011-08-05	4623	1.26316	6506	128149056	1330423	434161	4040	0
2011-08-06	3827	1.20301	4994	129447864	1338389	436047	3379	0
2011-08-07	3882	1.566	4365	137766420	1346636	438072	4290	0
2011-08-08	3825	1.11186	5208	140389806	1355591	440380	4092	0
2011-08-09	3907	1.03356	4299	120284052	1366762	443184	3795	0
2011-08-10	3665	0.876957	3538	134674020	1376875	445692	3256	0
2011-08-11	3696	0.798658	3243	141322680	1386156	448025	2931	0
2011-08-12	3144	0.736018	2839	134478168	1394919	450229	2626	0
2011-08-13	3065	0.876957	2292	133601988	1404609	452889	2217	0
2011-08-14	3205	0.88756	2555	138147816	1414257	455623	2621	0
2011-08-15	3937	1.02153	3048	142688490	1424394	458186	2866	0
2011-08-16	3813	0.971292	3219	138395208	1435790	460412	3361	0
2011-08-17	3439	1.189	4415	141023748	1444839	462267	3892	0
2011-08-18	20012	1.08852	4155	145920048	1453794	464105	3667	0
2011-08-19	3713	0.937799	3666	133766916	1462859	466049	2948	0
2011-08-20	3370	0.904306	2497	142430790	1471165	467694	2235	0
2011-08-21	3131	1.18415	6999	154434456	1480369	469815	3594	0
2011-08-22	3274	0.989293	3656	138410670	1489554	471836	3222	0
2011-08-23	3389	0.779443	3496	132499032	1498189	473612	2777	0
2011-08-24	3688	1.28908	7619	123726924	1506972	475358	3294	0
2011-08-25	3364	0.929336	4864	125690598	1515498	477145	2816	0
2011-08-26	3204	0.929336	3526	119201712	1524304	478902	2330	0
2011-08-27	2966	0.899358	2756	120670602	1532034	480709	2110	0
2011-08-28	3120	0.902655	2381	125242200	1538693	482076	1991	0
2011-08-29	3512	0.867257	2744	126046224	1547972	483767	2096	0
2011-08-30	3857	0.79646	2784	121938486	1557084	485553	2182	0
2011-08-31	3404	0.884956	3221	126417312	1565875	487400	2037	0
2011-09-01	3309	0.955752	3105	126525546	1574338	489004	1976	0
2011-09-02	3203	0.778761	0	119129556	1582758	490708	1979	0
2011-09-03	2964	0.814159	2089	121819944	1590029	492197	1655	0
2011-09-04	3203	0.809211	2068	120108816	1598892	494015	1926	0
2011-09-05	2852	0.769737	2439	123690846	1607346	495735	1820	0
2011-09-06	2613	0.858553	2903	110785230	1617145	497982	2555	0
2011-09-07	3049	0.986842	3022	121046844	1625589	499656	2409	0
2011-09-08	2987	0.828947	3494	123216678	1633244	501266	2095	0
2011-09-09	2906	0.927632	3584	120629370	1641773	502923	1851	0
2011-09-10	2883	0.819079	2439	125551440	1648882	504381	1660	0
2011-09-11	2991	0.925926	2127	126046224	1657021	506193	1845	0
2011-09-12	2672	0.653595	2205	124845342	1664648	507669	2083	0
2011-09-13	2599	0.697168	2228	133127820	1672499	509380	1947	0
2011-09-14	2473	0.751634	2328	127592424	1679744	510761	1871	0
2011-09-15	2536	0.675381	2387	129081930	1687361	512367	1739	0
2011-09-16	2581	0.610022	2051	125025732	1694848	514237	1549	0
2011-09-17	2520	0.686275	1839	128607762	1701433	515642	1488	1
2011-09-18	2663	0.795724	1685	127453266	1708416	516953	1595	2
2011-09-19	2337	0.700713	1979	130050882	1716502	518808	1593	0
2011-09-20	2775	0.771971	2334	127927434	1725747	521029	1657	0
2011-09-21	2576	0.688836	2085	129963264	1734773	523281	1570	0
2011-09-22	2430	0.67696	1952	129576714	1741810	524457	1609	0
2011-09-23	2758	0.665083	1927	125618442	1749184	526159	1859	4
2011-09-24	2878	0.700713	1590	130545666	1755941	527644	2131	1
2011-09-25	2919	0.609137	1530	128540760	1762475	528914	1933	0
2011-09-26	2825	0.659898	1994	118237914	1768979	530118	2074	0
2011-09-27	3535	0.568528	1879	127917126	1776102	531445	5659	0
2011-09-28	3969	0.527919	1879	127906818	1782940	532752	2984	0
2011-09-29	5122	0.568528	2278	117727668	1789393	533905	2040	0
2011-09-30	3873	0.538071	2535	113733318	1796260	535119	1973	0
2011-10-01	3442	0.527919	1809	114594036	1802380	536156	1536	0
2011-10-02	3724	0.58348	1991	120237666	1808250	537215	1708	3
2011-10-03	3584	0.485062	2731	122005488	1815780	538516	1669	1
2011-10-04	3425	0.520211	2723	121923024	1822582	539920	2055	0
2011-10-05	3476	0.653779	3126	128654148	1829362	541148	2166	0
2011-10-06	3351	0.534271	2166	128159364	1836554	542599	1651	0
2011-10-07	3389	0.56239	2268	126932712	1843159	543866	1683	1
2011-10-08	7573	0.660808	2199	132540264	1849484	545057	1730	0
2011-10-09	3419	0.787402	2248	130499280	1855702	546272	1878	1
2011-10-10	3160	0.582677	2458	135472890	1862585	547660	1865	4
2011-10-11	3367	0.503937	3016	136565538	1869933	549439	1802	0
2011-10-12	3511	0.598425	2979	133457676	1876997	550882	1979	4
2011-10-13	3934	0.590551	2669	132179484	1883045	552091	2009	0
2011-10-14	3337	0.448819	2379	126443082	1890180	553328	1455	0
2011-10-15	3219	0.488189	1686	133519524	1896722	554542	1358	3
2011-10-16	3362	0.474708	1658	136194450	1902530	555597	1438	0
2011-10-17	3829	0.614786	2564	137879808	1909310	556836	1469	0
2011-10-18	4549	0.700389	4692	134122542	1915007	557905	2016	0
2011-10-19	4234	0.762646	4336	139070382	1920726	558877	1993	0
2011-10-20	3695	0.529183	3116	137714880	1925955	559802	1683	0
2011-10-21	3875	0.505837	2920	130885830	1932025	561060	1494	0
2011-10-22	3905	0.412451	2212	136436688	1938199	562406	1650	0
2011-10-23	3888	0.442029	2660	137580876	1945045	563923	1870	0
2011-10-24	3718	0.485507	3436	136101678	1951950	565207	2256	0
2011-10-25	3498	0.543478	3247	138905454	1958251	566340	2031	0
2011-10-26	3730	0.42029	3380	135478044	1964431	567439	1843	0
2011-10-27	3800	0.42029	2648	139482702	1969992	568492	1449	0
2011-10-28	3818	0.318841	2169	136292376	1976101	569740	1278	0
2011-10-29	3879	0.369565	1554	147296166	1982811	571042	1276	0
2011-10-30	3746	0.364964	1616	140472270	1988578	572064	1490	0
2011-10-31	3880	0.386861	2386	139802250	1994586	573085	1407	0
2011-11-01	4132	0.664234	8528	140662968	2001587	574549	2981	0
2011-11-02	3881	0.452555	3718	143363664	2008505	575788	2051	0
2011-11-03	3633	0.416058	2802	143580132	2015865	577150	1557	0
2011-11-04	3938	0.379562	2229	133890612	2023496	578560	1375	0
2011-11-05	3808	0.335766	1661	141513378	2030260	579735	1464	0
2011-11-06	3892	0.33677	1835	140260956	2036114	580767	1431	0
2011-11-07	3883	0.323024	2132	146193210	2042491	581863	1421	0
2011-11-08	4276	0.295533	2015	140240340	2049710	583287	1300	0
2011-11-09	4319	0.185567	2025	143126580	2057388	584800	1342	0
2011-11-10	4031	0.329897	2108	138771450	2065027	586157	1086	0
2011-11-11	3906	0.274914	1686	135364656	2071116	587374	1061	0
2011-11-12	3726	0.254296	1552	143554362	2076908	588480	1075	0
2011-11-13	3794	0.364985	1822	148079574	2083204	589744	1161	0
2011-11-14	3444	0.445104	2235	145023252	2090130	590992	1163	0
2011-11-15	4242	0.507418	3462	150862734	2097294	592255	1268	0
2011-11-16	3871	0.480712	2397	147126084	2104374	593512	1299	0
2011-11-17	4121	0.418398	2166	139395084	2110059	594442	1148	0
2011-11-18	4311	0.418398	1973	157361928	2116295	595629	1184	0
2011-11-19	4179	0.364985	1610	164907384	2120538	596661	1152	0
2011-11-20	4291	0.318644	1836	163371492	2125228	597842	1325	0
2011-11-21	3980	0.291525	2778	156434208	2129616	598902	1339	0
2011-11-22	4506	0.216949	3261	172102368	2134664	600098	2046	0
2011-11-23	4674	0.311864	2726	162603546	2139736	601377	1728	0
2011-11-24	4485	0.257627	2335	163433340	2144374	602486	1726	0
2011-11-25	4397	0.237288	2092	154491150	2149399	603746	1380	0
2011-11-26	4697	0.366102	2769	166922598	2153865	604943	1779	0
2011-11-27	5505	0.472826	2791	166154652	2158680	606146	1527	0
2011-11-28	4839	0.407609	3332	166628820	2164902	607748	1870	0
2011-11-29	4597	0.456522	3623	169293438	2172257	609927	2102	0
2011-11-30	4636	0.432065	2763	165953646	2179259	611752	1744	0
2011-12-01	4579	0.497283	2615	168520338	2185685	613388	1453	0
2011-12-02	4081	0.317935	2063	162273690	2192020	614914	1428	0
2011-12-03	3981	0.415761	1900	162325230	2197443	616269	1340	0
2011-12-04	3702	0.310838	1879	168819270	2202719	617609	1379	0
2011-12-05	4020	0.302658	2378	169025430	2208580	618852	1741	0
2011-12-06	4430	0.261759	2500	161526360	2216413	620209	1689	0
2011-12-07	4125	0.314928	2261	158650428	2222364	621442	2385	0
2011-12-08	4188	0.298569	2006	166087650	2227377	622503	1505	1
2011-12-09	4135	0.253579	1723	151599756	2232514	623751	1356	0
2011-12-10	4466	0.257669	1526	158124720	2237906	625351	1275	0
2011-12-11	4349	0.316916	1668	167752392	2242655	626541	1207	0
2011-12-12	4377	0.282655	1951	174612366	2247124	627712	1400	0
2011-12-13	4475	0.329764	2036	179297352	2251925	628787	1433	0
2011-12-14	7006	0.27409	1880	176096718	2256854	629806	1280	0
2011-12-15	3908	0.265525	1986	177648072	2261067	630718	1227	0
2011-12-16	3404	0.235546	1713	170808714	2265873	631829	1451	0
2011-12-17	3671	0.295503	1321	157887636	2270090	632848	1213	0
2011-12-18	4145	0.307143	1419	159021516	2274303	633887	1277	0
2011-12-19	4321	0.232143	1715	173988732	2279828	635110	1291	0
2011-12-20	4674	0.260714	1747	173916576	2285850	636460	1517	0
2011-12-21	5027	0.3	2144	184044186	2290749	637638	1469	0
2011-12-22	5123	0.357143	2738	186250098	2296044	638889	1652	0
2011-12-23	4616	0.307143	150	178359324	2301213	639968	1330	0
2011-12-24	4218	0.235714	0	160840878	2305389	640937	1082	0
2011-12-25	3733	0.498288	0	175029840	2310244	641933	1205	0
2011-12-26	4156	0.431507	787	181152792	2315708	643105	1310	0
2011-12-27	4668	0.431507	2419	173787726	2320786	644236	1456	0
2011-12-28	5295	0.344178	1985	156923838	2325150	645224	1291	0
2011-12-29	5667	0.431507	2183	182637144	2329994	646318	1339	0
2011-12-30	5767	0.431507	2109	173700108	2334268	647209	1315	0
2011-12-31	5801	0.431507	2185	181596036	2338605	648151	1262	0
2012-01-01	4631	0.4375	1830	186971658	2342994	649114	1183	0
2012-01-02	5147	0.40625	2458	179369508	2347942	650203	1578	0
2012-01-03	13059	0.359375	2487	178230474	2353081	651326	1557	0
2012-01-04	7741	0.390625	2466	186533568	2358286	652493	1561	0
2012-01-05	4658	0.484375	2403	186724266	2364943	654012	1610	0
2012-01-06	5073	0.515625	2519	175153536	2371198	655533	1897	0
2012-01-07	4865	0.40625	2027	183812256	2376681	656824	1833	0
2012-01-08	4650	0.363158	2053	188203464	2382604	658207	1763	2
2012-01-09	3913	0.442105	2675	186018168	2388255	659515	1807	0
2012-01-10	4278	0.473684	3065	189265188	2394708	661061	1869	2
2012-01-11	3447	0.426316	7101	188445702	2401365	662480	1676	0
2012-01-12	3590	0.410526	3042	186461412	2407378	663731	1793	0
2012-01-13	3871	0.410526	2305	177864540	2413643	664982	1532	0
2012-01-14	4073	0.473684	1961	183518478	2419956	666367	1514	0
2012-01-15	4372	0.443425	2295	195192288	2425967	667561	1635	1
2012-01-16	5501	1.52905	19566	191898882	2432088	668927	3404	0
2012-01-17	4789	0.810398	9230	197372430	2438447	670470	2497	2
2012-01-18	3792	0.657492	6248	189234264	2444592	671846	2290	2
2012-01-19	4647	0.519878	4636	189564120	2450840	673206	2330	2
2012-01-20	4620	0.535168	3904	178426326	2456923	674495	2167	0
2012-01-21	5054	0.504587	3356	189311574	2462449	675657	2304	0
2012-01-22	4945	0.447761	3152	191208246	2466763	676592	2427	0
2012-01-23	4866	0.492537	3491	195501528	2472074	677758	1221	0
2012-01-24	5147	0.462687	3224	194367648	2478697	679007	2197	2
2012-01-25	4836	0.477612	3172	190960854	2486200	680453	2084	12
2012-01-26	4719	0.343284	2795	191646336	2492011	681761	2017	0
2012-01-27	4875	0.373134	2842	184039032	2497867	683031	1781	13
2012-01-28	4826	0.402985	2350	195357216	2503122	684142	1767	0
2012-01-29	5137	0.451613	2562	200382366	2508622	685213	1987	0
2012-01-30	4863	0.370968	3042	189986748	2514165	686270	1882	0
2012-01-31	3951	0.370968	2676	194883048	2520770	687641	1919	11
2012-02-01	4072	0.403226	2621	190352682	2526711	688950	1843	4
2012-02-02	3983	0.403226	2715	187693218	2533390	690368	1449	0
2012-02-03	3920	0.483871	4502	186610878	2540092	691831	2494	0
2012-02-04	3607	0.516129	3041	197666208	2546988	693321	2472	0
2012-02-05	3550	0.579151	2819	205020966	2553306	694747	2252	0
2012-02-06	3781	0.399614	3084	195645840	2559025	696106	2095	0
2012-02-07	3986	0.370656	2692	187636524	2565643	697548	1975	0
2012-02-08	3858	0.411197	2501	191770032	2571973	698984	1987	0
2012-02-09	3768	0.457529	2534	194511960	2578814	700435	2117	0
2012-02-10	3775	0.388031	2359	186327408	2586335	701855	1707	20
2012-02-11	4178	0.393822	2081	188595168	2593195	703230	1795	0
2012-02-12	4648	0.441176	2236	195398448	2599457	704455	2017	0
2012-02-13	3678	0.335294	2415	201830640	2606813	705913	1945	0
2012-02-14	3967	0.423529	2567	203418072	2615831	707641	2097	2
2012-02-15	4047	0.517647	3230	202742898	2624460	709547	2072	0
2012-02-16	3996	0.482353	3091	202175958	2632925	711342	2106	1
2012-02-17	4855	0.405882	2328	197372430	2639007	712849	1674	0
2012-02-18	4950	0.394118	1803	203933472	2645026	714426	1569	0
2012-02-19	4681	0.434968	2052	205428132	2650355	715833	2039	0
2012-02-20	5324	0.492537	2236	209443098	2656408	717444	2024	1
2012-02-21	5902	0.473348	2532	208448376	2662264	718875	1855	0
2012-02-22	6123	0.402985	2750	206397084	2669189	720442	1773	0
2012-02-23	6026	0.466951	3933	198325920	2676745	722130	1657	2
2012-02-24	6201	0.390192	3630	196630254	2683497	723728	1575	47
2012-02-25	5208	0.339019	2123	205577598	2689144	724871	1580	11
2012-02-26	4935	0.332579	2052	203036676	2694319	725926	1707	0
2012-02-27	4985	0.359729	2465	204624108	2700559	727178	1831	0
2012-02-28	7964	0.386878	2506	206149692	2706880	728620	1731	0
2012-02-29	4913	0.434389	2431	204923040	2713148	730020	1510	0
2012-03-01	5189	0.346154	2338	202088340	2720101	731556	1641	0
2012-03-02	5396	0.678733	5084	197599206	2727415	733115	2481	0
2012-03-03	4935	0.461538	2868	202253268	2732655	734355	2258	0
2012-03-04	4819	0.576642	2486	207061950	2739240	736164	2015	0
2012-03-05	5194	0.430657	2376	207412422	2746267	737901	1856	3
2012-03-06	5366	0.445255	2343	211221228	2752487	739377	1645	0
2012-03-07	5776	0.467153	2311	207938130	2759179	740865	1723	1
2012-03-08	5320	0.357664	2117	204804498	2765808	742400	1548	0
2012-03-09	5179	0.364964	2077	202918134	2772057	743852	1590	0
2012-03-10	4988	0.357664	1926	209314248	2777114	744999	1426	0
2012-03-11	4708	0.569231	1918	209525562	2782073	746096	1610	1
2012-03-12	5031	0.4	2166	213071514	2787966	747360	1626	0
2012-03-13	4900	0.492308	2195	213834306	2795271	749096	1627	18
2012-03-14	4432	0.430769	1997	212226258	2801905	750548	1741	0
2012-03-15	4978	0.392308	2140	212308722	2807980	751933	1701	0
2012-03-16	4802	0.384615	2011	210515130	2814312	753420	2169	0
2012-03-17	4624	0.330769	1651	217375104	2821206	754873	4046	0
2012-03-18	4542	0.304094	1905	218225514	2826680	756163	2804	0
2012-03-19	5067	0.321637	2171	217199868	2832957	757495	2279	0
2012-03-20	5405	0.28655	2198	217364796	2839442	758889	2185	12
2012-03-21	5528	0.25731	2030	217138020	2846338	760406	2136	0
2012-03-22	5290	0.263158	2008	220833438	2852535	761735	1842	0
2012-03-23	5413	0.269006	1813	209994576	2858353	763077	1962	0
2012-03-24	5476	0.298246	1453	218163666	2864265	764222	1887	0
2012-03-25	5228	0.279883	1644	218338902	2869886	765411	2034	0
2012-03-26	5303	0.250729	1912	232641252	2876314	766869	1742	2
2012-03-27	5544	0.309038	1935	224312388	2882660	768197	1799	0
2012-03-28	5934	0.274052	1980	222590952	2889618	769605	1807	3
2012-03-29	6147	0.338192	2137	222225018	2896974	770995	1811	3
2012-03-30	5584	0.279883	1808	215205270	2903289	772304	2171	0
2012-03-31	5471	0.268222	1877	224724708	2909090	773499	2541	0
2012-04-01	5328	0.286689	3480	223900068	2913913	774359	2413	0
2012-04-02	5989	0.496587	4085	227456328	2919984	775666	6313	2
2012-04-03	5653	0.445392	4323	232311396	2927949	777386	3065	0
2012-04-04	5739	0.37372	3104	226018362	2934976	778851	2318	0
2012-04-05	6138	0.476109	3107	224915406	2941850	780276	2308	2
2012-04-06	5635	0.409556	2564	219869640	2948267	781595	2123	0
2012-04-07	5404	0.511945	2497	226038978	2954039	782804	2144	0
2012-04-08	4921	0.518382	2714	223616598	2959845	784104	2205	0
2012-04-09	5354	0.424632	2477	223235202	2966113	785439	2199	0
2012-04-10	5850	0.419118	2667	229229304	2973946	786978	2029	0
2012-04-11	6411	0.430147	3259	221658078	2982291	788783	2198	0
2012-04-12	6238	0.358456	2711	220642740	2990601	790489	1988	0
2012-04-13	5495	0.419118	2249	219864486	2997614	791947	1701	0
2012-04-14	5099	0.430147	1869	231383676	3005347	793503	1670	0
2012-04-15	5314	0.411135	1922	226765692	3012605	794941	1711	0
2012-04-16	4742	0.359743	2313	232893798	3020714	796501	1875	0
2012-04-17	5078	0.456103	3023	231043512	3028655	798143	1919	0
2012-04-18	5142	0.513919	3008	227214090	3037318	799940	2134	0
2012-04-19	5553	0.481799	2245	223951608	3044868	801561	1684	0
2012-04-20	5499	0.391863	2270	222426024	3053364	803584	1645	3
2012-04-21	5440	0.385439	1909	232094928	3060584	805181	1560	0
2012-04-22	5114	0.346154	1988	238089030	3066833	806448	1632	4
2012-04-23	5357	0.417582	2323	232151622	3074102	807970	1402	0
2012-04-24	5823	0.318681	2171	222745572	3081958	809724	1631	4
2012-04-25	5403	0.384615	3129	229605546	3089453	811288	1628	0
2012-04-26	5014	0.521978	4121	230445648	3098679	813073	2475	0
2012-04-27	5553	0.505495	3367	222565182	3105790	814633	2238	2
2012-04-28	5163	0.505495	2341	235599648	3112640	816070	1841	0
2012-04-29	5261	0.501393	2321	232048542	3119212	817326	1794	0
2012-04-30	5726	0.409471	0	229646778	3128363	819535	1656	0
2012-05-01	6064	0.451253	2636	232852566	3137027	821254	1838	11
2012-05-02	5299	0.409471	3148	227734644	3146211	823162	1742	1
2012-05-03	5384	0.334262	2514	227688258	3156804	824808	1527	0
2012-05-04	5393	0.417827	2171	218055432	3167051	826477	1602	0
2012-05-05	4574	0.476323	1824	230827044	3176701	827931	1849	0
2012-05-06	3942	0.678733	1969	228610824	3185188	829549	2053	0
2012-05-07	4389	0.475113	2339	235630572	3198248	832010	1837	0
2012-05-08	4644	0.271493	2311	232218624	3210332	833802	1860	22
2012-05-09	4610	0.30543	2385	232991724	3223298	836024	2068	13
2012-05-10	5041	0.434389	3082	232548480	3233150	837910	2265	0
2012-05-11	4570	0.400452	3069	231909384	3246668	839801	2287	0
2012-05-12	5049	0.434389	3092	237006690	3259235	841385	2287	0
2012-05-13	4728	0.638462	3104	238073568	3269161	842872	2238	0
2012-05-14	5425	0.446154	3160	242871942	3289555	846363	2216	0
2012-05-15	5773	0.446154	3102	241181430	3304735	848271	3018	0
2012-05-16	5381	0.376923	2599	237254082	3317967	850082	2844	0
2012-05-17	6072	0.307692	2389	237151002	3329793	851986	2306	0
2012-05-18	5167	0.376923	2151	230626038	3345945	853732	2412	0
2012-05-19	5246	0.407692	2024	231739302	3366369	855222	2113	0
2012-05-20	5456	0.372093	1777	232667022	3385289	856915	1988	0
2012-05-21	5384	0.418605	4334	244536684	3404125	858681	2241	0
2012-05-22	5289	0.573643	3035	242413236	3419979	860640	2136	0
2012-05-23	5433	0.449612	2381	250005078	3437396	862532	2026	0
2012-05-24	4614	0.341085	2000	246216888	3454450	864372	1715	4
2012-05-25	4243	0.372093	1756	237290160	3472608	866128	1641	0
2012-05-26	4841	0.472868	2281	243990360	3487260	867758	1819	0
2012-05-27	4234	0.486702	2049	253308792	3503113	869314	1792	0
2012-05-28	3793	0.382979	2030	254885916	3520804	871025	1739	4
2012-05-29	4144	0.43883	2455	255932178	3540734	873232	1838	0
2012-05-30	4283	0.454787	2379	257040288	3557210	875383	1844	1
2012-05-31	4134	0.414894	2167	258205092	3573216	877794	1655	0
2012-06-01	4071	0.422872	2390	244722228	3589980	879731	1539	0
2012-06-02	3573	0.398936	1744	258560718	3600042	881253	1520	0
2012-06-03	3500	0.365217	1778	260843940	3619665	882884	1560	0
2012-06-04	4147	0.384783	1969	260416158	3646610	884847	1734	0
2012-06-05	4511	0.41087	2401	262524144	3673015	887140	1637	0
2012-06-06	4137	0.33913	1873	254880762	3685341	889281	1601	0
2012-06-07	4552	0.352174	1870	252520230	3705465	892067	1592	0
2012-06-08	4744	0.606522	2363	245814876	3720291	894258	1727	0
2012-06-09	5107	0.541304	2176	248902122	3738179	896034	1700	0
2012-06-10	4559	0.391753	2502	257447454	3759885	897841	1801	0
2012-06-11	5334	0.463918	4355	266369028	3778860	899840	1796	0
2012-06-12	5223	0.417526	3469	256942362	3790480	902156	2062	0
2012-06-13	6058	0.515464	4056	245309784	3822218	904682	2812	0
2012-06-14	5502	0.402062	2844	266343258	3852607	907139	1892	0
2012-06-15	6062	0.396907	2423	248340336	3882831	909703	1820	0
2012-06-16	4634	0.412371	2371	255628092	3907816	912206	2137	0
2012-06-17	4367	0.41637	2188	257236140	3933341	914423	1877	0
2012-06-18	7290	0.496441	3593	263848722	3957541	917080	1907	0
2012-06-19	6156	0.411032	3918	271012782	3978993	919737	2090	0
2012-06-20	5060	0.464413	2656	272409516	3997135	922377	1910	3
2012-06-21	5142	0.395018	2715	264817674	4013454	924854	1740	0
2012-06-22	5281	0.368327	2244	245345862	4029262	927258	1697	0
2012-06-23	5960	0.448399	2261	263812644	4044806	929887	1823	2
2012-06-24	4520	0.410714	1969	269652126	4060393	932090	1651	0
2012-06-25	4640	0.464286	2355	265657776	4080461	935196	1938	0
2012-06-26	4281	0.416667	2307	264699132	4102199	938424	2228	0
2012-06-27	4607	0.404762	2251	261617040	4125336	941728	1944	1
2012-06-28	4592	0.440476	2154	274368036	4144622	944590	1728	0
2012-06-29	5334	0.434524	2346	238228188	4163943	947856	1716	0
2012-06-30	4669	0.428571	1887	242217384	4182889	950911	1648	0
2012-07-01	4747	0.509709	2005	263302398	4199686	955396	1721	0
2012-07-02	5391	0.429612	2303	269713974	4221353	958333	1817	0
2012-07-03	5617	0.451456	2347	271620954	4240299	961439	1782	0
2012-07-04	5291	0.524272	2575	271749804	4257517	963852	1867	0
2012-07-05	4911	0.313107	2031	271167402	4272462	966043	1671	0
2012-07-06	5700	0.407767	2151	247180686	4288604	969062	1611	0
2012-07-07	4591	0.364078	1712	242619396	4308247	972010	1571	0
2012-07-08	4277	0.378378	1810	265900014	4323294	974622	1614	0
2012-07-09	4880	0.459459	5825	271425102	4341640	977178	1919	0
2012-07-10	5693	0.416216	2874	265693854	4365220	980147	2188	0
2012-07-11	5219	0.508108	5325	253422180	4386112	983030	2275	0
2012-07-12	5628	0.421622	3130	254030352	4406139	986141	2140	0
2012-07-13	5407	0.389189	3092	237223158	4423178	989357	2038	5
2012-07-14	5052	0.427027	2216	239073444	4440469	992116	1794	0
2012-07-15	5069	0.527629	2126	256272342	4458398	994677	2340	7
2012-07-16	6216	0.456328	2570	250118466	4481576	997496	2238	0
2012-07-17	7073	0.527629	3137	250793640	4506535	1000886	2551	0
2012-07-18	6423	0.58467	3073	233687514	4526700	1003617	2372	0
2012-07-19	5247	0.677362	3643	254679756	4546670	1005985	2679	0
2012-07-20	5364	0.713012	3719	237156156	4569316	1008647	2472	0
2012-07-21	4664	0.513369	2628	239970240	4592047	1011838	2036	0
2012-07-22	4579	0.502959	2516	250551402	4617502	1014766	1989	0
2012-07-23	5127	0.39645	2846	243433728	4642832	1017790	2099	0
2012-07-24	4836	0.443787	2558	251587356	4663194	1020454	1850	0
2012-07-25	4927	0.408284	2652	249345366	4680999	1022814	1787	0
2012-07-26	4063	0.449704	2492	248907276	4698428	1025113	1844	0
2012-07-27	4093	0.43787	2307	240341328	4716599	1027648	1691	0
2012-07-28	3495	0.360947	1832	243959436	4740115	1032591	1568	0
2012-07-29	3350	0.377143	2138	249639144	4760470	1035538	1331	0
2012-07-30	3554	0.394286	2389	252102756	4781806	1039140	1956	0
2012-07-31	3765	0.428571	2954	251520354	4816694	1046034	2071	0
2012-08-01	3587	0.42	2565	229260228	4840258	1050083	1757	0
2012-08-02	3812	0.514286	2683	233769978	4864493	1053946	1804	13
2012-08-03	4057	0.471429	2492	242140074	4885468	1057654	2000	0
2012-08-04	3500	0.394286	2006	239774388	4905334	1060972	1694	0
2012-08-05	3443	0.591133	2108	248675346	4928103	1064368	1847	0
2012-08-06	3721	0.512315	2603	248340336	4953851	1068740	2110	0
2012-08-07	3814	0.502463	3384	253618032	4977315	1072535	2026	0
2012-08-08	3907	0.62069	3536	255715710	5007542	1077661	2325	0
2012-08-09	3862	0.650246	3262	258601950	5029673	1082081	2271	0
2012-08-10	4199	0.600985	2953	248278488	5051341	1087026	1939	0
2012-08-11	4008	0.522167	2633	234811086	5073636	1091672	1769	0
2012-08-12	3654	0.565815	2842	244897464	5097348	1096343	2037	0
2012-08-13	4385	0.495088	3292	248618652	5127295	1102417	2205	0
2012-08-14	4629	0.612967	4321	251556432	5151578	1108224	2483	4
2012-08-15	4246	0.502947	4058	258622566	5180166	1114506	2126	0
2012-08-16	4855	0.628684	4324	252339840	5218219	1124922	2810	0
2012-08-17	4508	0.636542	3915	245330400	5252513	1134975	2715	0
2012-08-18	3775	0.557957	2780	251814132	5284358	1144746	2358	0
2012-08-19	3647	0.747232	2873	252406842	5311056	1150087	2455	0
2012-08-20	4576	0.599631	3552	252839778	5337372	1154912	2378	0
2012-08-21	5794	0.922509	5707	261142872	5368506	1159983	3273	0
2012-08-22	5499	0.784133	5948	255220926	5397092	1165502	3389	0
2012-08-23	4647	0.784133	4701	257478378	5422822	1170822	2892	28
2012-08-24	5304	0.636531	6450	245222166	5448493	1175833	2284	0
2012-08-25	4791	0.52583	2721	262426218	5469930	1179501	2082	0
2012-08-26	3664	0.650407	2696	274331958	5489402	1182378	2179	0
2012-08-27	4407	0.617886	3479	273058920	5511168	1185924	2336	0
2012-08-28	4339	0.585366	3379	270378840	5532876	1190532	2126	0
2012-08-29	4032	0.715447	4226	271935348	5554616	1193960	2571	0
2012-08-30	4037	0.487805	3138	270373686	5574977	1196614	2427	0
2012-08-31	4563	0.520325	2512	261905664	5604721	1201761	1987	0
2012-09-01	4309	0.422764	2404	278099532	5632090	1206341	1766	0
2012-09-02	4802	0.550725	2718	269080032	5652220	1208907	1916	2
2012-09-03	4989	0.507246	2880	268858410	5671771	1210855	2008	0
2012-09-04	4950	0.521739	3064	269100648	5695557	1214556	1864	0
2012-09-05	7404	1.44928	18470	265204224	5721039	1218410	3148	2
2012-09-06	6255	1.44928	24416	262323138	5748810	1222743	2929	0
2012-09-07	5169	0.768116	9199	256004334	5772923	1226444	2668	3
2012-09-08	4834	0.753623	6021	277759368	5791652	1228894	2338	0
2012-09-09	4744	0.851064	4337	272368284	5814586	1233403	2222	0
2012-09-10	4653	0.553191	4623	277367664	5835616	1236668	2053	0
2012-09-11	5109	0.496454	3941	271301406	5861937	1242011	2085	0
2012-09-12	4942	0.496454	4401	267461676	5880155	1245263	2148	11
2012-09-13	4601	0.48227	3454	261952050	5898698	1248723	2021	0
2012-09-14	4436	0.624113	3138	261483036	5919480	1252051	1890	0
2012-09-15	4815	0.496454	2419	283372074	5936079	1254888	1803	0
2012-09-16	4320	0.515152	3009	270435534	5952497	1257756	2122	3
2012-09-17	3684	0.530303	3783	272089968	5969457	1261240	2368	0
2012-09-18	3727	0.651515	3720	269074878	5990610	1265795	3937	0
2012-09-19	3577	0.681818	6103	263570406	6013333	1272664	3249	0
2012-09-20	3509	0.5	3872	262812768	6039056	1280250	2572	0
2012-09-21	3456	0.560606	3164	265250610	6056951	1284318	2499	13
2012-09-22	3764	0.560606	2471	287134494	6069588	1286894	2173	0
2012-09-23	3838	0.517647	2794	272502288	6083621	1289392	2223	0
2012-09-24	3670	0.54902	3397	272878530	6100698	1292585	2446	0
2012-09-25	3796	0.596078	3697	273058920	6124977	1299979	2573	0
2012-09-26	3853	0.54902	4257	270085062	6151299	1306556	2542	0
2012-09-27	4332	0.611765	4508	265065066	6172953	1311701	2412	0
2012-09-28	3850	0.580392	3613	263786874	6198946	1318390	2237	6
2012-09-29	3761	0.596078	3456	285763530	6216421	1322904	1837	0
2012-09-30	4148	0.534351	3361	282114498	6230844	1326539	1993	0
2012-10-01	4300	0.625954	4656	272378592	6246763	1329688	2676	0
2012-10-02	3704	0.610687	4574	270992166	6274804	1337575	3169	0
2012-10-03	3851	0.641221	4916	265039296	6297229	1344129	2860	0
2012-10-04	3709	0.580153	4056	269945904	6322903	1350643	2499	0
2012-10-05	3964	0.519084	3469	259993530	6347338	1355934	2235	17
2012-10-06	4262	0.48855	2787	280893000	6369527	1359812	2064	0
2012-10-07	3791	0.549729	2806	271930194	6392348	1364193	2186	0
2012-10-08	3742	0.556962	3541	268837794	6418730	1369026	2231	0
2012-10-09	3492	0.528029	3615	269662434	6445491	1374804	2108	0
2012-10-10	3985	0.549729	3630	270054138	6469921	1380756	2416	2
2012-10-11	4052	0.600362	4464	263044698	6491235	1385848	2548	0
2012-10-12	3619	0.679928	4496	267203976	6513031	1390686	2465	0
2012-10-13	3679	0.535262	2685	274852512	6533732	1394981	2109	0
2012-10-14	3871	0.380682	2737	273414546	6553244	1399767	2134	0
2012-10-15	3821	0.477273	3803	278279922	6576026	1404955	2467	0
2012-10-16	3931	0.426136	3488	274981362	6597189	1409092	2268	0
2012-10-17	3986	0.4375	3660	274651506	6619534	1414848	2257	4
2012-10-18	3775	0.4375	4689	266838042	6642935	1421012	2662	1
2012-10-19	3539	0.426136	3726	258529794	6663082	1425381	2149	0
2012-10-20	3297	0.414773	2631	291999870	6684824	1430066	2239	0
2012-10-21	3769	0.421488	2762	292726584	6705967	1433393	2280	0
2012-10-22	3505	0.446281	3510	287072646	6729161	1437143	2368	0
2012-10-23	3848	0.384298	3415	281918646	6748169	1441266	2214	14
2012-10-24	3533	0.409091	3348	261874740	6769286	1446764	2291	0
2012-10-25	4206	0.483471	3536	279439572	6788092	1451797	2107	0
2012-10-26	4328	0.433884	2809	280887846	6806520	1456746	1877	0
2012-10-27	4265	0.421488	2526	285206898	6820278	1460165	2024	1
2012-10-28	3513	0.391791	2797	285892380	6833459	1463418	2345	0
2012-10-29	3986	0.447761	3093	291309234	6846640	1466259	2121	0
2012-10-30	4243	0.414179	2995	311322216	6865419	1470353	1921	2
2012-10-31	3626	0.425373	2932	278109840	6882662	1474160	1911	0
2012-11-01	3268	0.447761	2854	275800848	6898298	1477778	2044	0
2012-11-02	3788	0.380597	2635	278068608	6915419	1482222	1934	0
2012-11-03	3872	0.492537	2639	304735404	6932537	1487918	1879	11
2012-11-04	3814	0.444079	3286	290103198	6947397	1491483	2048	0
2012-11-05	4453	0.473684	3845	285959382	6965230	1495297	2326	0
2012-11-06	4197	0.414474	3375	285145050	6985736	1499283	2516	0
2012-11-07	3894	0.424342	2927	282289734	7007276	1503415	2146	0
2012-11-08	3836	0.404605	3991	282320658	7026330	1507760	2231	0
2012-11-09	3677	0.404605	3397	277274892	7044367	1512322	2112	0
2012-11-10	3937	0.434211	3385	293236830	7060351	1515678	2093	0
2012-11-11	3594	0.409091	3263	289866114	7074338	1519263	2255	0
2012-11-12	3867	0.568182	4633	286686096	7090982	1523300	2900	0
2012-11-13	3850	0.5	4035	285268746	7107546	1526964	2371	0
2012-11-14	3847	0.431818	3967	287325192	7128414	1531877	2189	0
2012-11-15	4528	0.477273	3289	276960498	7153461	1537479	1917	0
2012-11-16	8026	0.897727	6205	287562276	7180044	1543298	3345	0
2012-11-17	4748	0.715909	4109	303998382	7204279	1550351	3183	0
2012-11-18	4462	0.569767	3899	291505086	7229011	1555591	2938	0
2012-11-19	4807	0.627907	4758	289288866	7251930	1560251	3020	0
2012-11-20	4666	0.593023	4151	289721802	7276297	1565328	2575	0
2012-11-21	5154	0.581395	3656	284413182	7299922	1569729	2311	0
2012-11-22	4412	0.581395	3190	289257942	7321762	1575024	2275	0
2012-11-23	4092	0.418605	3030	289000242	7338470	1579128	1880	0
2012-11-24	4680	0.627907	2795	293937774	7356810	1583619	2377	0
2012-11-25	4646	0.526316	3167	291860712	7374396	1587157	2363	0
2012-11-26	4967	0.812357	7075	292463730	7395200	1591537	3265	0
2012-11-27	5013	0.594966	5137	295721058	7414418	1595753	2933	0
2012-11-28	5590	1.14416	12037	288587922	7435971	1600220	3889	0
2012-11-29	5087	0.812357	6050	289505334	7456114	1604617	3190	0
2012-11-30	4953	0.537757	4363	280248750	7474735	1608736	2389	0
2012-12-01	4721	0.572082	3381	306869160	7492272	1612139	2448	0
2012-12-02	4471	0.766667	3720	297071406	7505002	1614947	2680	0
2012-12-03	4833	0.544444	4198	297045636	7519371	1618154	2473	0
2012-12-04	4021	0.655556	4477	302132634	7540334	1623463	2611	0
2012-12-05	4863	0.688889	5301	297942432	7561704	1629136	2595	0
2012-12-06	5014	0.7	6393	294535638	7583340	1634555	2892	0
2012-12-07	5885	0.655556	5329	278656164	7605035	1639579	2619	0
2012-12-08	5020	0.988889	5652	302364564	7625929	1643973	3655	0
2012-12-09	5282	0.943396	7354	300272040	7645783	1647290	4076	0
2012-12-10	5316	0.735849	6852	298962924	7662456	1650868	3828	0
2012-12-11	4890	0.896226	6941	300875058	7682744	1654942	4904	0
2012-12-12	4807	0.679245	5478	306925854	7704659	1659309	4190	0
2012-12-13	5125	0.660377	5756	311780922	7729329	1664345	2977	0
2012-12-14	4878	0.54717	4839	280877538	7752736	1670030	3031	0
2012-12-15	4217	0.537736	3752	287082954	7771375	1674054	2746	0
2012-12-16	4835	0.621469	3725	318512046	7790841	1677114	2568	0
2012-12-17	4843	0.689266	4948	294937650	7814532	1681432	2746	0
2012-12-18	4258	0.564972	3939	294710874	7842874	1687505	2581	0
2012-12-19	4056	0.553672	3699	312600408	7867612	1693095	2509	0
2012-12-20	4016	0.519774	3656	317079234	7888177	1698074	2359	0
2012-12-21	4022	0.519774	3386	309693552	7914001	1703677	2040	0
2012-12-22	4064	0.531073	2630	313023036	7949051	1712335	1945	0
2012-12-23	4063	0.54023	2878	357424746	7970133	1716355	1997	0
2012-12-24	4087	0.609195	3110	318810978	7989847	1720994	2232	0
2012-12-25	3919	0.45977	2828	340138230	8007148	1724445	1710	0
2012-12-26	3622	0.609195	3179	353121156	8022088	1727618	2023	0
2012-12-27	4451	0.494253	3398	353363394	8040721	1731032	2108	0
2012-12-28	4373	0.609195	3455	343998576	8064022	1736082	1978	0
2012-12-29	4106	0.678161	3074	350678160	8083589	1740472	1977	0
2012-12-30	4374	0.476636	2809	350044218	8111263	1745564	1818	0
2012-12-31	4001	0.476636	2922	338659032	8129644	1749854	1402	0
2013-01-01	3647	0.401869	2671	334556448	8149523	1754889	1697	0
2013-01-02	4616	0.588785	4175	331453740	8173555	1760262	2174	0
2013-01-03	5103	0.607477	5291	328448958	8203684	1767944	2975	0
2013-01-04	5372	0.654206	5890	330087930	8229149	1773058	2836	22
2013-01-05	4723	0.794393	7075	350879166	8255765	1778871	3061	0
2013-01-06	4225	0.892857	6498	352373826	8276609	1782223	3231	0
2013-01-07	5380	0.753968	5962	338602338	8300453	1786328	3009	0
2013-01-08	5115	0.664683	5497	338720880	8326315	1791585	2732	26
2013-01-09	5258	0.704365	4880	333432876	8353536	1796567	2806	16
2013-01-10	5089	0.674603	4975	339612522	8383938	1801910	2833	0
2013-01-11	5201	0.684524	5305	329582838	8417095	1807662	2688	0
2013-01-12	4190	0.625	4266	356811420	8442052	1811977	2671	0
2013-01-13	3914	0.714286	4563	337329300	8469775	1815393	2694	0
2013-01-14	4106	0.663265	4386	322748634	8493502	1818647	2625	0
2013-01-15	4315	0.714286	4234	345116994	8523117	1823627	2611	0
2013-01-16	4582	0.734694	4128	352528446	8555549	1829677	2530	0
2013-01-17	4195	0.806122	5894	343163628	8585600	1836328	2596	0
2013-01-18	4364	0.653061	4732	339684678	8616266	1843360	2617	0
2013-01-19	4214	0.714286	3507	359409036	8642516	1849553	2413	0
2013-01-20	3732	0.717092	3645	348410400	8666717	1855093	2670	0
2013-01-21	4602	0.64833	4213	346977588	8689945	1859945	2926	0
2013-01-22	4318	0.628684	4221	348070236	8716403	1865243	2610	0
2013-01-23	5831	0.884086	9018	315852582	8742077	1870579	2921	0
2013-01-24	5440	0.854617	7492	341519502	8769987	1876910	3150	0
2013-01-25	4676	0.726916	5958	334314210	8798638	1883430	2485	0
2013-01-26	4562	0.540275	3863	356337252	8829471	1891238	2556	0
2013-01-27	4456	0.636364	3975	369124326	8858146	1895380	2801	0
2013-01-28	5316	0.742424	6023	334814148	8885681	1900081	3063	0
2013-01-29	5579	0.969697	6458	338246712	8913433	1905709	3671	0
2013-01-30	4708	0.772727	6450	331948524	8936437	1910667	3633	0
2013-01-31	4929	0.878788	6014	336437658	8961683	1915652	3769	42
2013-02-01	5376	0.954545	5304	334963614	8996137	1923000	3554	0
2013-02-02	5871	1.04545	9249	349472124	9027197	1929064	4365	0
2013-02-03	6398	0.97561	6021	370175742	9056774	1933236	3586	2
2013-02-04	5659	0.845528	6832	346024098	9085683	1938174	4322	0
2013-02-05	5280	0.813008	5686	352817070	9118727	1945717	3235	0
2013-02-06	6127	0.926829	7318	344385126	9146951	1952617	3391	0
2013-02-07	5640	0.829268	6535	331474356	9178360	1960397	3442	11
2013-02-08	5171	0.845528	5704	331654746	9211199	1969209	2952	0
2013-02-09	5556	0.764228	5831	352636680	9240378	1974380	2877	0
2013-02-10	5570	0.839329	5448	348147546	9273768	1981058	4074	0
2013-02-11	5565	0.788969	5686	346431264	9301152	1985434	3445	0
2013-02-12	5876	1.02398	9759	352863456	9330377	1990838	4031	0
2013-02-13	5906	0.956835	7840	345931326	9358406	1994936	3800	0
2013-02-14	6357	1.27578	8773	349580358	9384501	2000860	4808	0
2013-02-15	5856	1.1247	9588	346503420	9410525	2006464	4174	3
2013-02-16	7022	0.990408	5671	363114762	9433923	2010693	3763	0
2013-02-17	6925	1.11238	7396	360017208	9457810	2015679	4323	0
2013-02-18	7060	1.23429	10630	352064586	9483554	2020592	5538	0
2013-02-19	6300	1.20381	10948	340158846	9508943	2025541	5494	0
2013-02-20	6840	1.0819	8406	340931946	9536266	2031350	6844	0
2013-02-21	6527	1.11238	7656	344725290	9564395	2037112	5892	0
2013-02-22	7557	1.17333	8640	343570794	9595253	2043867	6034	44
2013-02-23	6402	1.0819	7063	354801360	9624257	2050187	5102	0
2013-02-24	5847	1.01911	6947	339566136	9653528	2054490	4796	29
2013-02-25	6655	0.968153	8595	357105198	9681977	2059207	5263	0
2013-02-26	5492	0.968153	8085	350234916	9712592	2064739	5227	0
2013-02-27	6065	1.07006	7892	347065206	9739628	2069845	4221	0
2013-02-28	8664	1.42675	12588	356342406	9770178	2076054	6573	33
2013-03-01	6141	1.47771	11280	347642454	9803964	2083714	6330	0
2013-03-02	5290	1.07006	7237	369650034	9827825	2088070	4785	0
2013-03-03	5098	1.1399	7802	355244604	9850140	2091240	5144	0
2013-03-04	6521	1.25389	8815	305297190	9876238	2095785	5006	0
2013-03-05	8425	1.42487	10626	362346816	9906422	2102902	6064	4
2013-03-06	9811	1.88083	12116	351075018	9941152	2111532	6855	0
2013-03-07	9264	1.99482	14561	348157854	9974335	2119703	6943	65
2013-03-08	7341	1.65285	12112	349126806	10003990	2127764	5238	0
2013-03-09	6079	1.65285	12586	368985168	10030108	2134231	6642	0
2013-03-10	5843	1.86547	12252	361692258	10059328	2139142	5133	0
2013-03-11	6614	1.86547	15267	355698156	10084579	2143874	7241	0
2013-03-12	7957	2.73991	21665	358337004	10114163	2151040	11747	0
2013-03-13	7633	1.98206	15295	350368920	10145623	2157794	7988	0
2013-03-14	6623	1.69058	12558	359053410	10176404	2164746	6207	34
2013-03-15	6871	1.34081	9738	353739636	10210947	2173773	5101	0
2013-03-16	7087	1.5157	8020	368201760	10234064	2179986	5122	24
2013-03-17	6365	1.53314	8628	365531988	10258733	2185531	6774	0
2013-03-18	7548	1.75216	12740	371072538	10287883	2192331	8327	0
2013-03-19	9130	2.13545	16237	364655808	10321947	2202340	11131	3
2013-03-20	8251	2.57349	19679	368892396	10352991	2209899	13427	0
2013-03-21	10569	3.17579	28397	370644756	10385244	2217532	10766	39
2013-03-22	10929	3.88761	49086	359476038	10422113	2227304	9745	65
2013-03-23	8501	3.94236	53843	377221260	10452407	2235542	10450	0
2013-03-24	7337	2.97154	24674	383375136	10490948	2247204	9378	0
2013-03-25	10880	3.41176	31072	365913384	10522558	2255157	10675	0
2013-03-26	13065	3.08159	25142	353430396	10557813	2263902	9658	17
2013-03-27	12917	3.90702	29594	368856318	10593702	2272729	11387	85
2013-03-28	14004	5.17268	42555	355827006	10633576	2282764	14854	11
2013-03-29	15505	5.50285	38763	338076630	10677672	2295128	15758	76
2013-03-30	10832	4.95256	29450	366933876	10716603	2304752	13886	1
2013-03-31	10679	4.94215	22995	368248146	10745389	2311571	12290	0
2013-04-01	17119	6.01653	36179	364537266	10781439	2320243	15634	0
2013-04-02	17674	6.87603	39264	354249882	10827564	2332984	18442	48
2013-04-03	33207	10.0992	65600	351116250	10879471	2348476	23868	52
2013-04-04	25803	9.45455	65397	354358116	10933538	2365583	23199	33
2013-04-05	19756	7.95041	43584	350142144	10986581	2384135	18382	72
2013-04-06	12997	6.66116	29916	370227282	11026455	2395343	15821	54
2013-04-07	15688	6.84327	33272	379159164	11064029	2404909	16113	0
2013-04-08	24902	9.49227	60250	361599486	11112984	2420504	25161	0
2013-04-09	31431	11.9205	75697	360388296	11171516	2438993	34571	0
2013-04-10	56399	18.7638	104368	358909098	11236450	2460379	42358	0
2013-04-11	50863	22.0751	142760	364207410	11293497	2477604	39518	31
2013-04-12	41739	19.426	122717	176849202	11343528	2493821	33430	75
2013-04-13	22515	11.479	58162	96132408	11384760	2505596	22981	28
2013-04-14	21599	9.73469	48691	181096098	11418090	2514356	21355	0
2013-04-15	24324	9.51837	63770	354791052	11459932	2526778	22656	0
2013-04-16	21221	8.86939	48725	368382150	11509751	2540600	20815	0
2013-04-17	19970	7.3551	40736	359037948	11553735	2553063	16213	20
2013-04-18	19587	7.3551	37344	356986656	11595167	2564864	15109	3
2013-04-19	17142	5.84082	27942	352250130	11645201	2579502	12104	31
2013-04-20	6770	4.32653	16796	277903680	11680433	2590322	10188	0
2013-04-21	3809	4.58333	17875	371907486	11712780	2598169	10569	0
2013-04-22	7325	4.16667	20776	374417484	11750281	2607388	10951	0
2013-04-23	15710	5	20920	378757152	11796721	2619770	16579	0
2013-04-24	17692	4.58333	20032	361867494	11843506	2632457	12623	0
2013-04-25	15189	4.16667	17914	365799996	11888118	2643441	11348	24
2013-04-26	16728	3.95833	17282	358507086	11930329	2655141	9567	33
2013-04-27	13309	3.54167	14008	380545590	11961650	2663964	8424	52
2013-04-28	10339	3.82734	17363	371634324	11993295	2673224	9378	0
2013-04-29	15216	3.6259	19157	364320798	12031566	2682151	8144	0
2013-04-30	14129	3.42446	19889	368067756	12062311	2690168	7804	0
2013-05-01	16278	4.43165	23858	369248022	12100648	2700473	9489	0
2013-05-02	17898	4.63309	26564	357383514	12137859	2710246	10351	56
2013-05-03	18150	4.43165	24259	362228274	12172406	2719583	18453	90
2013-05-04	13979	3.6259	13942	365459832	12201559	2726556	31280	0
2013-05-05	12512	3.37759	13136	358450392	12231845	2733805	13642	0
2013-05-06	16219	3.51452	17691	363171456	12265962	2742155	13086	0
2013-05-07	17030	3.24066	16650	363207534	12303425	2752606	10086	0
2013-05-08	15595	2.9668	16577	362310738	12340442	2763094	7954	28
2013-05-09	15389	3.19502	14937	357971070	12381720	2773580	7582	0
2013-05-10	11519	2.87552	13705	356430024	12422714	2783617	8601	0
2013-05-11	10313	2.82988	10593	377628426	12463103	2790516	7676	53
2013-05-12	9539	2.72553	10080	373757772	12496196	2795901	7198	0
2013-05-13	13893	3.12766	17441	360991314	12532016	2803594	8411	0
2013-05-14	17391	3.08298	17382	349616436	12572498	2812460	8797	0
2013-05-15	18432	3.21702	17490	328510806	12612816	2821243	8356	0
2013-05-16	18543	2.99362	18365	235934658	12651751	2831226	7366	0
2013-05-17	16944	3.08298	15581	355548690	12687346	2840960	8849	0
2013-05-18	16588	2.77021	11962	359079180	12719796	2848529	7995	0
2013-05-19	16429	3.42927	18265	364779504	12748630	2854576	7666	0
2013-05-20	15722	3.0122	18133	372474426	12781430	2862023	10496	0
2013-05-21	14459	2.6878	15029	369825270	12820970	2872194	8679	0
2013-05-22	14235	2.59512	14442	378195366	12856223	2881094	7927	0
2013-05-23	14068	2.54878	15271	376463622	12896860	2891020	7433	0
2013-05-24	9874	2.59512	14905	370283976	12935750	2900897	6677	0
2013-05-25	12123	2.13171	9522	380823906	12966069	2907022	6172	0
2013-05-26	11667	2.3089	10062	364284720	12992314	2912518	5963	0
2013-05-27	12073	2.02618	10866	379463250	13023424	2918613	7082	0
2013-05-28	16194	2.92147	18578	370206666	13059345	2926735	7636	0
2013-05-29	15482	3.15707	19680	375582288	13098624	2937235	8159	0
2013-05-30	15780	2.5445	16423	377035716	13135675	2947114	9651	0
2013-05-31	15275	2.68586	17103	369062478	13171991	2956864	7276	0
2013-06-01	12284	2.35602	12950	374649414	13203507	2965078	6989	0
2013-06-02	11858	2.46154	11229	379875570	13231467	2971349	6750	0
2013-06-03	12978	2.25641	13116	382303104	13265543	2979054	6379	0
2013-06-04	13426	1.97436	10858	368536770	13302222	2988320	5918	0
2013-06-05	13093	2.23077	11774	364305336	13335632	2996638	6358	0
2013-06-06	13715	1.94872	11790	351245100	13370887	3005797	5858	0
2013-06-07	13261	2.07692	11206	314048682	13408697	3016865	5587	0
2013-06-08	11790	2.05128	9055	259509054	13436104	3023319	6006	0
2013-06-09	11295	2.55102	10523	376071918	13461863	3029582	6168	0
2013-06-10	12254	2.32143	17562	380452818	13491954	3037196	6254	0
2013-06-11	13506	2.42347	20661	401362596	13523287	3044926	5850	25
2013-06-12	10285	2.11735	15565	378489144	13553008	3052380	5364	0
2013-06-13	10299	1.91327	11040	386647926	13586254	3061351	5521	0
2013-06-14	9650	1.86224	10284	363449772	13628354	3074870	4802	62
2013-06-15	7604	1.81122	7037	370912764	13654888	3081977	4458	0
2013-06-16	6421	1.8178	7029	384359550	13678643	3086546	4721	0
2013-06-17	10605	1.92797	8737	384993492	13707566	3093173	4619	0
2013-06-18	11680	2.03814	10414	392590488	13739207	3101351	5386	0
2013-06-19	10845	1.87288	9736	386147988	13775085	3111032	5413	0
2013-06-20	10442	1.87288	9809	380081730	13809958	3121134	5006	0
2013-06-21	11674	1.76271	9359	364068252	13846940	3132293	4587	0
2013-06-22	9461	1.70763	7109	388389978	13876128	3139771	4227	0
2013-06-23	11009	1.89333	7472	392564718	13900025	3144930	4524	0
2013-06-24	13665	2.26667	11213	384148236	13931904	3152839	5495	45
2013-06-25	11661	2.08	10908	380973372	13963701	3161096	7102	0
2013-06-26	11307	1.86667	9066	376618242	13995447	3170030	6478	0
2013-06-27	12768	2	9960	374345328	14026954	3178333	6065	23
2013-06-28	13286	2.02667	9261	365124822	14064575	3189250	6406	0
2013-06-29	9639	1.86667	6761	378293292	14092177	3197125	5101	0
2013-06-30	10082	2.56867	8933	393791370	14116281	3202953	6393	0
2013-07-01	13443	2.48712	10896	402372780	14151638	3212675	7090	0
2013-07-02	21138	4.07725	33033	400543110	14184690	3221729	6650	19
2013-07-03	14300	2.89485	20780	398801058	14217794	3230962	4383	0
2013-07-04	12982	2.40558	11057	389760942	14248838	3239096	3751	0
2013-07-05	14070	2.32403	9726	359903820	14279935	3247589	3391	11
2013-07-06	11137	2.24249	6977	385390350	14306162	3254621	3021	3
2013-07-07	11080	2.13889	7497	390657738	14328680	3260320	3098	0
2013-07-08	13119	2.02222	9578	388405440	14362261	3269610	3237	0
2013-07-09	12559	1.94444	9477	395847816	14398887	3281509	3237	0
2013-07-10	12576	1.98333	9444	389668170	14433508	3291830	3180	0
2013-07-11	13486	2.02222	8869	383756532	14477424	3306173	3030	0
2013-07-12	13805	1.94444	7522	368387304	14525706	3323310	2767	0
2013-07-13	11859	1.94444	5258	376994484	14558689	3334725	2657	0
2013-07-14	11629	1.62376	6035	397033236	14581242	3340885	2748	0
2013-07-15	12898	1.82178	6925	410526408	14612062	3349193	3514	0
2013-07-16	13700	1.70297	7689	406356822	14648827	3361083	3303	0
2013-07-17	13846	1.74257	7825	402790254	14682798	3371444	2848	0
2013-07-18	13501	1.70297	7947	396801306	14716664	3381719	2674	0
2013-07-19	13452	1.78218	8401	379210704	14749432	3392083	2575	70
2013-07-20	11443	1.62376	5150	382524726	14774684	3399669	2491	0
2013-07-21	11257	1.5	5614	393796524	14801618	3407596	2552	0
2013-07-22	14282	1.725	10445	399888552	14834739	3417500	2697	30
2013-07-23	16510	1.8375	0	396610608	14869452	3428135	3284	0
2013-07-24	17976	1.9125	4642	398914446	14903502	3438426	3061	0
2013-07-25	12592	1.7625	8795	398512434	14939779	3449851	2972	0
2013-07-26	12773	1.725	8442	369918042	14974346	3460675	2757	5
2013-07-27	12177	1.5375	5862	382818504	14999932	3467759	2696	20
2013-07-28	11869	1.59021	5907	405650724	15025899	3474730	2634	0
2013-07-29	13460	1.82875	7258	399048450	15061696	3485097	3134	0
2013-07-30	17564	2.34557	10498	417118374	15101906	3497712	3352	0
2013-07-31	13017	1.94801	8700	393028578	15148799	3512756	3237	0
2013-08-01	13840	1.82875	6973	387663264	15198803	3528841	3377	0
2013-08-02	14478	1.66972	6321	371711634	15245564	3543914	2701	0
2013-08-03	11529	1.78899	5310	388209588	15279803	3553943	2565	0
2013-08-04	10772	1.84937	5322	417613158	15311866	3561372	2744	0
2013-08-05	13030	1.95816	8729	406748526	15354810	3573107	3294	0
2013-08-06	11470	1.659	6994	434647128	15397346	3583470	3018	0
2013-08-07	14685	1.84937	7421	420293238	15440935	3593815	2996	0
2013-08-08	15291	2.03975	11422	409784232	15483513	3603421	3569	0
2013-08-09	13095	1.93096	8161	399563850	15521340	3611825	9098	0
2013-08-10	12801	1.71339	5136	405068322	15557294	3621102	2917	0
2013-08-11	12729	1.91362	6069	402115080	15585431	3626967	2880	0
2013-08-12	21238	2.25914	10290	405186864	15654862	3638678	3619	0
2013-08-13	20577	2.28571	11157	403918980	15695953	3649187	3514	0
2013-08-14	17321	2.65781	15454	393636750	15740349	3661689	4248	16
2013-08-15	17261	2.49834	13482	391884390	15783633	3673698	4032	0
2013-08-16	15578	2.20598	11230	383101974	15835473	3685108	3733	0
2013-08-17	11820	2.1794	7780	356430024	15871098	3692407	3552	0
2013-08-18	11912	2.09881	6747	430642470	15903134	3699572	3591	0
2013-08-19	18050	2.6167	10826	390595890	15951828	3711145	4322	0
2013-08-20	15949	2.58944	11569	393482130	15998181	3723292	4789	0
2013-08-21	14675	2.56218	11741	395749890	16045283	3735642	4571	33
2013-08-22	13544	2.37138	10214	396342600	16096366	3747938	4249	0
2013-08-23	13344	1.98978	8863	389389854	16138993	3759035	4122	0
2013-08-24	12169	1.77172	6216	407305158	16174622	3767306	3496	0
2013-08-25	10782	1.76673	5688	398548512	16206707	3773324	4013	0
2013-08-26	15423	1.82027	7351	386915934	16250135	3783341	3770	0
2013-08-27	15286	2.35564	9386	386761314	16300128	3795866	3801	0
2013-08-28	15738	2.3021	9560	376144074	16351675	3808216	3582	0
2013-08-29	13319	1.95411	8280	382766964	16396752	3818352	3375	0
2013-08-30	13174	1.95411	7050	389121846	16451393	3833293	2939	0
2013-08-31	13022	1.84704	5259	410201706	16510463	3846845	3311	0
2013-09-01	11911	1.8744	703	383993616	16539188	3854306	3073	0
2013-09-02	12553	1.7971	1044	380571360	16571378	3863386	3201	0
2013-09-03	11474	1.70048	956	387838500	16608620	3874768	3138	0
2013-09-04	12330	1.77778	940	375922452	16649133	3886951	5853	0
2013-09-05	12371	1.7971	973	383055588	16688776	3898709	4357	0
2013-09-06	12277	1.62319	915	391554534	16728383	3910899	3463	0
2013-09-07	9258	1.42995	657	416896752	16761899	3920135	2901	0
2013-09-08	9873	1.52568	748	413103408	16790147	3926408	3242	0
2013-09-09	11560	1.88356	1261	386405688	16828093	3936798	3686	0
2013-09-10	12893	1.61986	812	380231196	16863540	3946652	3699	0
2013-09-11	11751	1.48801	734	367000878	16904491	3958158	3218	0
2013-09-12	9726	1.58219	855	370665372	16947537	3970118	2874	0
2013-09-13	10351	1.50685	736	375412206	16984118	3981513	4901	0
2013-09-14	9892	1.39384	588	404233374	17011944	3989502	3745	0
2013-09-15	9458	1.57949	585	381571236	17038682	3996468	2849	0
2013-09-16	11723	1.68205	788	366449400	17076319	4007454	3405	0
2013-09-17	12246	1.70256	1173	366902952	17116227	4018438	3190	0
2013-09-18	12175	1.72308	1518	361053162	17158011	4029697	3093	0
2013-09-19	12125	1.57949	911	359331726	17201628	4041772	2566	0
2013-09-20	11809	1.90769	1289	371943564	17241981	4053343	3178	0
2013-09-21	10400	1.82564	1050	388204434	17276222	4062107	3278	0
2013-09-22	10140	1.65854	794	371984796	17306205	4068972	3193	0
2013-09-23	10502	1.7561	888	370644756	17347842	4079272	3415	0
2013-09-24	10670	1.81463	1642	365470140	17389848	4091064	3018	0
2013-09-25	11462	1.67805	1094	358115382	17429370	4101432	3380	0
2013-09-26	13711	1.81463	841	357502056	17470048	4112778	3007	0
2013-09-27	12132	1.58049	1015	367067880	17509848	4123006	2586	0
2013-09-28	9840	1.69756	652	392106012	17543185	4130674	2705	0
2013-09-29	10653	1.54124	656	372448656	17575368	4137739	3165	0
2013-09-30	11091	1.89691	1003	366506094	17616544	4148222	3075	0
2013-10-01	12027	1.77835	1027	364506342	17663797	4162892	2856	0
2013-10-02	23100	4.14948	1517	358780248	17713359	4178130	3501	0
2013-10-03	21931	6.63918	3221	365578374	17755451	4191087	4735	0
2013-10-04	14874	4.03093	2513	367356504	17794103	4202613	3694	0
2013-10-05	21052	2.96392	1233	384235854	17824509	4210321	3703	29
2013-10-06	10866	2.45255	1085	401831610	17854325	4217579	3515	0
2013-10-07	14042	2.91971	1575	389760942	17893099	4228173	4444	0
2013-10-08	12570	2.45255	1430	383431830	17933273	4240527	3502	0
2013-10-09	11388	2.33577	1396	361068624	17974618	4254082	3493	0
2013-10-10	12983	2.10219	1092	354249882	18018048	4267601	2311	0
2013-10-11	11574	1.86861	987	361692258	18059259	4280628	2852	0
2013-10-12	10071	1.86861	761	386921088	18092686	4290556	2536	0
2013-10-13	11977	1.50769	751	369181020	18125696	4299732	2865	0
2013-10-14	12446	1.93846	1092	370314900	18165772	4309827	3071	0
2013-10-15	12478	2.04615	1450	366696792	18209722	4325565	3251	0
2013-10-16	11906	2.26154	1184	363295152	18255313	4351117	3611	36
2013-10-17	10924	2.04615	1035	366026772	18294774	4373028	3446	0
2013-10-18	10738	1.93846	1031	371036460	18338461	4397800	3661	0
2013-10-19	11376	2.26154	902	395713812	18382691	4422688	3960	0
2013-10-20	10088	1.98773	977	375154506	18417043	4440978	3681	0
2013-10-21	12702	2.20859	1259	374252556	18463987	4466896	3821	0
2013-10-22	13833	2.65031	1166	372294036	18520747	4497763	4323	62
2013-10-23	14736	2.65031	1156	365047512	18572721	4525447	4189	0
2013-10-24	14447	2.87117	1450	359573964	18628838	4555154	4221	0
2013-10-25	15181	2.53988	1060	370685988	18678689	4582703	3730	0
2013-10-26	13714	3.09202	1120	398424816	18712934	4601965	4055	92
2013-10-27	12536	3.03927	1476	388225050	18743852	4619930	4589	0
2013-10-28	15240	3.37696	1730	381354768	18784487	4642766	6036	0
2013-10-29	21543	7.09162	3859	371361162	18826986	4667081	10439	0
2013-10-30	23166	11.2565	10608	364882584	18871955	4692275	16414	0
2013-10-31	20844	7.87958	7703	365980386	18917391	4717713	12683	0
